                  count      mean       std       min       25%       50%       75%        max
numIntents size                                                                               
5          5     4800.0  0.028284  0.001753  0.025967  0.027254  0.027565  0.029125   0.041779
           10    2400.0  0.028711  0.001117  0.027767  0.028208  0.028392  0.028699   0.042103
           25    1600.0  0.031068  0.001195  0.029928  0.030497  0.030710  0.031042   0.040853
           50    1600.0  0.035491  0.000650  0.034730  0.035228  0.035393  0.035577   0.043366
           100   1600.0  0.048145  0.000515  0.047186  0.047876  0.048080  0.048319   0.057355
10         5     2400.0  0.031182  0.002377  0.023265  0.029492  0.030826  0.032123   0.045319
           10    1600.0  0.039458  0.015498  0.031020  0.034034  0.034882  0.037001   0.281498
           25     800.0  0.041789  0.002540  0.038072  0.040519  0.041431  0.042204   0.068192
           50     800.0  0.054588  0.006587  0.050561  0.051872  0.052757  0.053509   0.114327
           100    800.0  0.079916  0.005069  0.076149  0.077910  0.078691  0.079440   0.129842
25         5     1600.0  0.043074  0.006952  0.036826  0.038807  0.041218  0.044105   0.107426
           10     800.0  0.082053  0.050944  0.047950  0.057188  0.064493  0.080888   0.587200
           25     800.0  0.119000  0.208726  0.079574  0.091006  0.096688  0.103795   3.209553
           50     800.0  0.164526  0.024672  0.134079  0.153411  0.160770  0.165218   0.478645
           100    400.0  0.270303  0.032555  0.242636  0.257129  0.265355  0.269014   0.574577
50         5     1600.0  0.077007  0.018367  0.062954  0.066440  0.069016  0.079606   0.234378
           10     800.0  0.191494  0.139389  0.096021  0.117767  0.138945  0.202068   1.210293
           25     800.0  0.290428  0.518512  0.205325  0.224143  0.245793  0.261191  12.021501
           50      80.0  0.525972  0.042965  0.458059  0.479633  0.537414  0.561291   0.590927
100        5     2400.0  0.213536  0.084646  0.163196  0.169955  0.176866  0.221625   0.943498
           10     800.0  0.658059  0.654224  0.297267  0.330672  0.392919  0.609590   5.666875
           25     160.0  0.792744  0.070966  0.737603  0.761129  0.773584  0.786549   1.241376