                               count      mean       std       min       25%       50%       75%       max
type               numIntents                                                                             
Hungriest_Balanced 5           100.0  0.475193  0.045192  0.242271  0.472615  0.492570  0.499723  0.525037
                   10           50.0  0.927194  0.045973  0.763512  0.905646  0.930011  0.955540  1.030990
                   25           50.0  1.540171  0.124187  1.104162  1.504257  1.566245  1.624305  1.703129
                   50           50.0  1.666567  0.178258  1.048750  1.594409  1.715993  1.789813  1.920618
                   100          20.0  1.709909  0.095248  1.517457  1.648671  1.720733  1.784588  1.879302
Hungriest_Carbon   5           100.0  0.059283  0.016503  0.037193  0.051554  0.053246  0.063098  0.161550
                   10           50.0  0.263686  0.029796  0.218051  0.244090  0.258688  0.284215  0.359315
                   25           50.0  1.225258  0.137523  0.769981  1.189574  1.224161  1.306460  1.528365
                   50           50.0  1.361051  0.217424  0.626930  1.257833  1.426780  1.487536  1.725220
                   100          20.0  1.396739  0.160383  1.127662  1.293290  1.415822  1.502581  1.778457
Hungriest_Free HW  5           100.0  0.301628  0.049083  0.199362  0.269915  0.298816  0.329081  0.479095
                   10           50.0  0.638913  0.049803  0.492051  0.614719  0.633763  0.664626  0.773891
                   25           50.0  1.375273  0.122832  0.883681  1.335194  1.399836  1.455428  1.528386
                   50           50.0  1.487271  0.184786  0.895576  1.442394  1.529273  1.588752  1.739605
                   100          20.0  1.520532  0.106092  1.347229  1.434233  1.508006  1.587789  1.713469
Hungriest_Profit   5           100.0  0.547953  0.013086  0.510140  0.542978  0.545099  0.552969  0.604942
                   10           50.0  1.134453  0.080599  0.893549  1.101861  1.175182  1.183569  1.224387
                   25           50.0  1.575990  0.114889  1.191095  1.554675  1.602468  1.650125  1.730043
                   50           50.0  1.757972  0.166134  1.193635  1.717717  1.794738  1.874448  1.944785
                   100          20.0  1.784172  0.088699  1.597136  1.744162  1.800060  1.857952  1.891947
Longest_Balanced   5           100.0  0.483618  0.046795  0.247416  0.476894  0.499732  0.511964  0.528464
                   10           50.0  0.931064  0.054147  0.753828  0.902583  0.939903  0.970042  1.023547
                   25           50.0  1.511797  0.123180  1.054015  1.472475  1.541865  1.587410  1.662022
                   50           50.0  1.633562  0.161073  1.169488  1.543729  1.677304  1.734329  1.909479
                   100          20.0  1.737141  0.079569  1.634717  1.672059  1.722929  1.806359  1.913615
Longest_Carbon     5           100.0  0.063383  0.016091  0.040433  0.055866  0.057171  0.063279  0.139255
                   10           50.0  0.255883  0.030891  0.202390  0.238032  0.247634  0.267405  0.356121
                   25           50.0  1.085373  0.180553  0.573470  1.043796  1.135113  1.196006  1.369632
                   50           50.0  1.206357  0.173322  0.707279  1.109781  1.234434  1.352924  1.498705
                   100          20.0  1.357794  0.109818  1.167956  1.279863  1.351641  1.426507  1.534382
Longest_Free HW    5           100.0  0.288546  0.048186  0.166796  0.256810  0.283636  0.313816  0.460704
                   10           50.0  0.674762  0.053630  0.548243  0.640602  0.670294  0.704613  0.793910
                   25           50.0  1.324863  0.153513  0.742350  1.275353  1.353460  1.429894  1.537253
                   50           50.0  1.398503  0.160811  1.006383  1.325847  1.426608  1.508507  1.656603
                   100          20.0  1.546482  0.086557  1.417519  1.488250  1.540355  1.611471  1.721191
Longest_Profit     5           100.0  0.550483  0.011815  0.512718  0.547936  0.550547  0.556408  0.583999
                   10           50.0  1.027006  0.038492  0.892717  1.011427  1.031459  1.035677  1.107671
                   25           50.0  1.644705  0.126901  1.141307  1.626841  1.672462  1.730051  1.767146
                   50           50.0  1.750561  0.163978  1.295461  1.672907  1.800487  1.867190  1.964756
                   100          20.0  1.830912  0.078951  1.728467  1.762630  1.817111  1.914639  1.961885
MILP               5           100.0  0.557405  0.013324  0.523464  0.553656  0.557176  0.559808  0.608818
                   10           50.0  1.207776  0.066616  0.982944  1.184812  1.240007  1.245234  1.294768
                   25           50.0  1.773536  0.113580  1.332973  1.762021  1.795333  1.847670  1.896489
                   50           50.0  1.926498  0.188248  1.324273  1.850502  1.980140  2.060327  2.178463
                   100          20.0  1.831936  0.128461  1.629139  1.742553  1.830807  1.927261  2.086468