                               count      mean       std       min       25%       50%       75%       max
type               numIntents                                                                             
MILP               5            50.0  0.284566  0.043532  0.234527  0.245449  0.284649  0.304356  0.432047
                   10           50.0  0.777566  0.091624  0.640826  0.721856  0.760721  0.807003  1.168278
                   25           50.0  1.937993  0.124166  1.625134  1.850795  1.944199  2.017047  2.175828
                   50            1.0  3.613491       NaN  3.613491  3.613491  3.613491  3.613491  3.613491
                   100           1.0  3.665425       NaN  3.665425  3.665425  3.665425  3.665425  3.665425
hungriest_balanced 5            50.0  0.106655  0.024932  0.038198  0.088521  0.092374  0.134860  0.162703
                   10           50.0  0.272472  0.037223  0.198506  0.256173  0.267519  0.280510  0.397574
                   25           50.0  0.994349  0.056430  0.854967  0.953907  0.994542  1.038839  1.152351
                   50            1.0  2.860279       NaN  2.860279  2.860279  2.860279  2.860279  2.860279
                   100           1.0  2.834831       NaN  2.834831  2.834831  2.834831  2.834831  2.834831
hungriest_carbon   5            50.0  0.039535  0.003479  0.034914  0.036937  0.038169  0.041518  0.048835
                   10           50.0  0.131281  0.018625  0.102855  0.119749  0.126685  0.134371  0.196282
                   25           50.0  0.662834  0.067088  0.561400  0.621327  0.644714  0.687610  0.866830
                   50            1.0  2.836254       NaN  2.836254  2.836254  2.836254  2.836254  2.836254
                   100           1.0  2.781226       NaN  2.781226  2.781226  2.781226  2.781226  2.781226
hungriest_freeHW   5            50.0  0.403950  0.051644  0.289774  0.378869  0.410816  0.427958  0.585381
                   10           50.0  0.966214  0.068704  0.831034  0.917311  0.965262  1.013160  1.098333
                   25           50.0  1.763344  0.089144  1.568936  1.710380  1.760847  1.828941  1.928999
                   50            1.0  2.821027       NaN  2.821027  2.821027  2.821027  2.821027  2.821027
                   100           1.0  3.111142       NaN  3.111142  3.111142  3.111142  3.111142  3.111142
hungriest_profit   5            50.0  0.346657  0.046785  0.252060  0.319124  0.335295  0.376787  0.502865
                   10           50.0  0.790958  0.072541  0.674642  0.746164  0.770934  0.813309  1.006300
                   25           50.0  1.876189  0.098057  1.616012  1.817859  1.889510  1.946003  2.174676
                   50            1.0  3.400676       NaN  3.400676  3.400676  3.400676  3.400676  3.400676
                   100           1.0  3.372323       NaN  3.372323  3.372323  3.372323  3.372323  3.372323
longest_balanced   5            50.0  0.092490  0.018656  0.039065  0.083777  0.087338  0.090936  0.142446
                   10           50.0  0.246756  0.045484  0.183154  0.230354  0.238163  0.249895  0.486543
                   25           50.0  0.988337  0.075985  0.800027  0.933038  0.982109  1.038923  1.198936
                   50            1.0  2.530197       NaN  2.530197  2.530197  2.530197  2.530197  2.530197
                   100           1.0  3.094979       NaN  3.094979  3.094979  3.094979  3.094979  3.094979
longest_carbon     5            50.0  0.038953  0.003739  0.033052  0.035977  0.038112  0.040669  0.049629
                   10           50.0  0.134635  0.019841  0.108143  0.123210  0.128193  0.140750  0.208345
                   25           50.0  0.723402  0.071163  0.608254  0.664567  0.718706  0.767793  0.895654
                   50            1.0  2.555402       NaN  2.555402  2.555402  2.555402  2.555402  2.555402
                   100           1.0  2.783586       NaN  2.783586  2.783586  2.783586  2.783586  2.783586
longest_freeHW     5            50.0  0.417234  0.053881  0.293495  0.398815  0.424878  0.440682  0.555834
                   10           50.0  0.943170  0.067522  0.794110  0.908060  0.934994  0.993484  1.122640
                   25           50.0  1.831523  0.112982  1.559404  1.735119  1.832153  1.909988  2.103927
                   50            1.0  2.772430       NaN  2.772430  2.772430  2.772430  2.772430  2.772430
                   100           1.0  3.369073       NaN  3.369073  3.369073  3.369073  3.369073  3.369073
longest_profit     5            50.0  0.369410  0.044249  0.259004  0.356000  0.368233  0.377711  0.472758
                   10           50.0  0.914422  0.085181  0.622325  0.879051  0.912967  0.981750  1.066317
                   25           50.0  1.852335  0.096767  1.647495  1.780698  1.857306  1.910694  2.082222
                   50            1.0  3.035962       NaN  3.035962  3.035962  3.035962  3.035962  3.035962
                   100           1.0  3.577848       NaN  3.577848  3.577848  3.577848  3.577848  3.577848