                               count      mean       std       min       25%       50%       75%       max
type               numIntents                                                                             
MILP               5            50.0  0.230062  0.067423  0.037637  0.214537  0.246758  0.253158  0.349435
                   10           50.0  0.290525  0.070339  0.000000  0.275668  0.310122  0.328095  0.394766
                   25           50.0  0.298057  0.065452  0.052713  0.294150  0.310312  0.332836  0.398034
                   50           50.0  0.314626  0.059186  0.052713  0.308792  0.317588  0.340855  0.431415
                   100          50.0  0.303482  0.057084  0.109120  0.306154  0.311099  0.331734  0.383511
hungriest_balanced 5            50.0  0.206319  0.087063  0.045049  0.131110  0.238865  0.276783  0.370378
                   10           50.0  0.286957  0.068937  0.000000  0.273691  0.308723  0.325618  0.355424
                   25           50.0  0.280635  0.073710  0.037637  0.283281  0.311900  0.325618  0.353085
                   50           50.0  0.287507  0.060453  0.037637  0.283306  0.313966  0.325618  0.337424
                   100          50.0  0.281058  0.072019  0.050583  0.269588  0.319012  0.325618  0.346366
hungriest_carbon   5            50.0  0.198449  0.096134  0.022209  0.087585  0.229139  0.267449  0.361044
                   10           50.0  0.283421  0.074592  0.000000  0.273262  0.300054  0.328658  0.357793
                   25           50.0  0.281901  0.076629  0.019197  0.278656  0.316826  0.328658  0.341681
                   50           50.0  0.287976  0.063689  0.019197  0.282980  0.318098  0.328658  0.341984
                   100          50.0  0.283339  0.074819  0.050583  0.273971  0.320518  0.328658  0.347886
hungriest_freeHW   5            50.0  0.225933  0.075529  0.027440  0.173619  0.260691  0.269677  0.366609
                   10           50.0  0.267151  0.070879  0.000000  0.240715  0.290261  0.295654  0.375736
                   25           50.0  0.271386  0.070450  0.024428  0.244416  0.291579  0.305395  0.364971
                   50           50.0  0.267557  0.063072  0.024428  0.241203  0.291579  0.296848  0.347519
                   100          50.0  0.274624  0.065877  0.050583  0.258198  0.291579  0.297190  0.381527
hungriest_profit   5            50.0  0.210800  0.082504  0.055814  0.151927  0.252003  0.263258  0.369989
                   10           50.0  0.298906  0.069838  0.000000  0.281907  0.321358  0.340487  0.373799
                   25           50.0  0.293110  0.074238  0.052713  0.286545  0.325869  0.340487  0.385738
                   50           50.0  0.301291  0.060552  0.052713  0.286895  0.326302  0.340487  0.373756
                   100          50.0  0.293663  0.068376  0.050583  0.279227  0.322311  0.340487  0.347376
longest_balanced   5            50.0  0.200037  0.063986  0.054680  0.168918  0.217564  0.227456  0.329715
                   10           50.0  0.275982  0.084613  0.000000  0.225701  0.316657  0.331275  0.357037
                   25           50.0  0.295378  0.085070  0.049146  0.265720  0.318464  0.352308  0.408177
                   50           50.0  0.316537  0.068768  0.034768  0.274354  0.352308  0.352308  0.403943
                   100          50.0  0.301163  0.077146  0.045293  0.261854  0.337797  0.352308  0.375935
longest_carbon     5            50.0  0.194813  0.070295  0.016646  0.163817  0.210325  0.222355  0.327649
                   10           50.0  0.270766  0.085244  0.000000  0.223537  0.320555  0.335173  0.352352
                   25           50.0  0.291113  0.088728  0.016646  0.250703  0.317237  0.353828  0.409697
                   50           50.0  0.319512  0.070267  0.016646  0.291345  0.353828  0.353828  0.400232
                   100          50.0  0.303986  0.078192  0.045293  0.266100  0.341459  0.353828  0.377455
longest_freeHW     5            50.0  0.217638  0.060391  0.027411  0.204878  0.225224  0.233128  0.360739
                   10           50.0  0.304189  0.091094  0.000000  0.253104  0.335920  0.388341  0.401222
                   25           50.0  0.326946  0.084312  0.027411  0.280152  0.369743  0.378788  0.414681
                   50           50.0  0.340297  0.074157  0.027411  0.321387  0.373530  0.378788  0.474985
                   100          50.0  0.334291  0.083679  0.045293  0.285621  0.378684  0.378788  0.423957
longest_profit     5            50.0  0.217351  0.064454  0.054680  0.210746  0.231666  0.244515  0.349435
                   10           50.0  0.289929  0.083995  0.000000  0.235106  0.327875  0.350410  0.401889
                   25           50.0  0.311164  0.075325  0.059911  0.270333  0.343981  0.361835  0.417703
                   50           50.0  0.330653  0.068156  0.076630  0.312336  0.352840  0.361835  0.426586
                   100          50.0  0.314047  0.075705  0.045293  0.270333  0.350374  0.361835  0.407500