                               count      mean       std       min       25%       50%       75%       max
type               numIntents                                                                             
Hungriest_Balanced 5           100.0  0.218007  0.015699  0.193258  0.209705  0.213012  0.224874  0.305038
                   10           50.0  0.510278  0.032283  0.422460  0.505223  0.512807  0.519224  0.593430
                   25           25.0  1.092785  0.118534  0.967768  1.024606  1.043026  1.125076  1.408569
Hungriest_Carbon   5           100.0  0.036641  0.002684  0.032479  0.035202  0.035238  0.037830  0.046352
                   10           50.0  0.104415  0.010543  0.090168  0.096808  0.101090  0.109983  0.137869
                   25           25.0  0.396185  0.041444  0.355394  0.365293  0.383010  0.419878  0.518483
Hungriest_Free HW  5           100.0  0.419311  0.061323  0.296442  0.376104  0.407853  0.451079  0.577350
                   10           50.0  0.967968  0.084465  0.738984  0.906689  0.979844  1.021287  1.173319
                   25           25.0  2.168603  0.128624  1.972682  2.057543  2.164338  2.283996  2.454270
Hungriest_Profit   5           100.0  0.925802  0.016150  0.891259  0.919907  0.920738  0.926078  0.982289
                   10           50.0  2.067595  0.027050  1.990601  2.052454  2.072057  2.087850  2.111102
                   25           25.0  4.243361  0.094688  3.930663  4.173523  4.289411  4.309657  4.324458
Longest_Balanced   5           100.0  0.217707  0.014560  0.188673  0.210993  0.213607  0.224154  0.289022
                   10           50.0  0.484653  0.028255  0.420411  0.475549  0.485363  0.492472  0.573779
                   25           25.0  1.148190  0.094060  1.024475  1.085092  1.117097  1.180050  1.353089
Longest_Carbon     5           100.0  0.036055  0.003670  0.032140  0.033504  0.033877  0.038603  0.050909
                   10           50.0  0.108078  0.008638  0.094238  0.102348  0.105654  0.112717  0.138854
                   25           25.0  0.421368  0.044780  0.365774  0.392470  0.406315  0.445412  0.563454
Longest_Free HW    5           100.0  0.414107  0.055337  0.308442  0.374305  0.408414  0.449825  0.604841
                   10           50.0  0.959458  0.085178  0.799263  0.908699  0.944259  0.998959  1.173435
                   25           25.0  2.173547  0.129643  1.882714  2.067754  2.168718  2.242306  2.372419
Longest_Profit     5           100.0  0.926606  0.015761  0.893272  0.919335  0.922751  0.927377  0.985879
                   10           50.0  2.057296  0.026780  1.996433  2.037186  2.060043  2.074998  2.112089
                   25           25.0  4.163626  0.118683  3.862404  4.081255  4.212352  4.249443  4.293665
MILP               5           100.0  0.956590  0.019978  0.896287  0.950552  0.956687  0.966411  1.007837
                   10           50.0  2.090170  0.028654  2.007900  2.076576  2.092266  2.102412  2.142540
                   25           25.0  4.350269  0.104520  3.983726  4.327029  4.391640  4.416423  4.427330