                               count      mean       std       min       25%       50%       75%       max
type               numIntents                                                                             
Hungriest_Balanced 5           150.0  0.192069  0.032763  0.116564  0.165864  0.206597  0.208700  0.277474
                   10          100.0  0.378328  0.037444  0.290597  0.355856  0.379239  0.399282  0.520484
                   25           50.0  0.423460  0.056970  0.283595  0.399275  0.440459  0.467452  0.498917
                   50           50.0  0.442169  0.089243  0.019681  0.415171  0.472629  0.497045  0.531257
                   100          50.0  0.460028  0.047470  0.349194  0.423450  0.463622  0.501687  0.541337
Hungriest_Carbon   5           150.0  0.061542  0.019577  0.036856  0.051781  0.054757  0.062418  0.132767
                   10          100.0  0.354948  0.056716  0.149896  0.336984  0.358256  0.388223  0.488188
                   25           50.0  0.390284  0.059649  0.241299  0.357670  0.404867  0.425059  0.494592
                   50           50.0  0.431234  0.093035  0.010772  0.395211  0.465364  0.490004  0.529615
                   100          50.0  0.447898  0.066248  0.244778  0.423429  0.449182  0.492832  0.581035
Hungriest_Free HW  5           150.0  0.151059  0.034097  0.064704  0.128023  0.142789  0.183600  0.219913
                   10          100.0  0.366190  0.048111  0.231486  0.340778  0.375877  0.398533  0.462741
                   25           50.0  0.404268  0.061446  0.248396  0.376890  0.415787  0.445130  0.508079
                   50           50.0  0.424759  0.088538  0.019681  0.395894  0.459081  0.482401  0.514385
                   100          50.0  0.445721  0.057103  0.284527  0.411611  0.454442  0.490286  0.537427
Hungriest_Profit   5           150.0  0.290191  0.017267  0.186814  0.281527  0.298136  0.299114  0.305641
                   10          100.0  0.445301  0.050515  0.319186  0.407141  0.458145  0.476323  0.551204
                   25           50.0  0.447845  0.058128  0.253519  0.421700  0.463790  0.482364  0.543358
                   50           50.0  0.454639  0.080884  0.089641  0.438660  0.477614  0.496629  0.536806
                   100          50.0  0.483742  0.044599  0.360930  0.459255  0.494860  0.510745  0.557607
Longest_Balanced   5           150.0  0.191243  0.027698  0.103092  0.174497  0.197165  0.210367  0.261731
                   10          100.0  0.383167  0.043704  0.252914  0.358461  0.382602  0.413143  0.487340
                   25           50.0  0.445680  0.056916  0.262786  0.420554  0.455270  0.484105  0.552718
                   50           50.0  0.418101  0.081246  0.020395  0.395504  0.444925  0.455536  0.518316
                   100          50.0  0.448745  0.045186  0.367502  0.417347  0.445999  0.483210  0.557351
Longest_Carbon     5           150.0  0.046994  0.016254  0.029766  0.036820  0.038794  0.054897  0.102482
                   10          100.0  0.289468  0.073889  0.063699  0.257305  0.308891  0.338735  0.401930
                   25           50.0  0.409535  0.088336  0.208270  0.363462  0.440799  0.455823  0.533959
                   50           50.0  0.411181  0.105836  0.010223  0.388649  0.456197  0.473165  0.513063
                   100          50.0  0.423919  0.079394  0.168127  0.358676  0.436463  0.486469  0.573002
Longest_Free HW    5           150.0  0.153107  0.029884  0.071656  0.136709  0.144565  0.185073  0.225845
                   10          100.0  0.340369  0.049867  0.178928  0.312079  0.341647  0.373828  0.428181
                   25           50.0  0.417934  0.066042  0.257191  0.379148  0.425874  0.469944  0.526659
                   50           50.0  0.402463  0.082342  0.020395  0.385313  0.425350  0.445326  0.519942
                   100          50.0  0.424738  0.058396  0.260728  0.398443  0.424857  0.458715  0.546418
Longest_Profit     5           150.0  0.290391  0.020491  0.200400  0.282740  0.300054  0.300244  0.312758
                   10          100.0  0.465157  0.043086  0.332308  0.444885  0.479851  0.495164  0.520079
                   25           50.0  0.495103  0.058615  0.263926  0.476598  0.514775  0.530028  0.569748
                   50           50.0  0.468113  0.083518  0.100832  0.447755  0.502586  0.524902  0.544698
                   100          50.0  0.497532  0.049586  0.364430  0.470797  0.513170  0.527830  0.574082
MILP               5           150.0  0.298937  0.011362  0.227947  0.299043  0.301678  0.302841  0.316092
                   10          100.0  0.510394  0.048965  0.371795  0.483821  0.530608  0.543573  0.586372
                   25           50.0  0.489983  0.062979  0.273629  0.458700  0.510012  0.541232  0.573225
                   50           50.0  0.474558  0.087098  0.078707  0.447459  0.504420  0.523131  0.584525
                   100          50.0  0.501426  0.056753  0.346200  0.467754  0.514035  0.536084  0.600890