                               count      mean       std       min       25%       50%       75%       max
type               numIntents                                                                             
MILP               5            25.0  0.304956  0.035053  0.137036  0.309642  0.313221  0.313352  0.313723
                   10           25.0  0.313232  0.000592  0.311546  0.312839  0.313183  0.313766  0.313973
                   25           25.0  0.308150  0.023252  0.196700  0.311950  0.313083  0.313779  0.313974
                   50           25.0  0.311965  0.002660  0.301293  0.311726  0.312834  0.313346  0.313975
                   100          25.0  0.312850  0.000623  0.311803  0.312357  0.312950  0.313235  0.313806
hungriest_balanced 5            25.0  0.165574  0.034132  0.135616  0.145277  0.148716  0.176659  0.248308
                   10           25.0  0.303151  0.006414  0.287979  0.300096  0.306017  0.307311  0.311594
                   25           25.0  0.297485  0.030891  0.155444  0.302315  0.306017  0.310316  0.312458
                   50           25.0  0.309730  0.007018  0.281564  0.307792  0.312523  0.313812  0.313926
                   100          25.0  0.310694  0.005746  0.291965  0.312425  0.313708  0.313812  0.313965
hungriest_carbon   5            25.0  0.133207  0.037973  0.108009  0.108009  0.111887  0.141474  0.221049
                   10           25.0  0.292752  0.015882  0.259883  0.282498  0.295439  0.307109  0.313244
                   25           25.0  0.292873  0.035928  0.128336  0.289501  0.297272  0.310753  0.311910
                   50           25.0  0.302721  0.011572  0.268807  0.298870  0.304542  0.310963  0.313913
                   100          25.0  0.304506  0.005243  0.296320  0.301421  0.303444  0.307215  0.313657
hungriest_freeHW   5            25.0  0.301311  0.030425  0.160931  0.300458  0.311063  0.312817  0.313623
                   10           25.0  0.307939  0.005534  0.300233  0.302790  0.310498  0.313185  0.313885
                   25           25.0  0.299970  0.036129  0.129155  0.300233  0.309343  0.312582  0.313966
                   50           25.0  0.311451  0.002540  0.302667  0.311623  0.311976  0.312326  0.313717
                   100          25.0  0.311924  0.002313  0.301356  0.311976  0.312082  0.312950  0.313801
hungriest_profit   5            25.0  0.300055  0.030542  0.156170  0.300693  0.305931  0.311183  0.313616
                   10           25.0  0.310398  0.003497  0.299393  0.310652  0.311593  0.311948  0.313944
                   25           25.0  0.306520  0.025039  0.187034  0.311593  0.311593  0.312883  0.313961
                   50           25.0  0.311391  0.002849  0.302054  0.311593  0.311714  0.312982  0.313961
                   100          25.0  0.311815  0.001385  0.307506  0.311593  0.311593  0.312465  0.313728
longest_balanced   5            25.0  0.149021  0.035446  0.116502  0.119438  0.135986  0.158448  0.238297
                   10           25.0  0.305084  0.013086  0.266530  0.301806  0.311289  0.313276  0.313619
                   25           25.0  0.297041  0.030417  0.162239  0.296153  0.303381  0.311919  0.313865
                   50           25.0  0.304418  0.007162  0.293460  0.296913  0.305565  0.311501  0.313994
                   100          25.0  0.301643  0.007323  0.289080  0.296153  0.300201  0.306787  0.313547
longest_carbon     5            25.0  0.121633  0.037712  0.060814  0.099173  0.101477  0.134006  0.212673
                   10           25.0  0.295480  0.015576  0.240612  0.290366  0.299486  0.300666  0.313748
                   25           25.0  0.286903  0.034243  0.138779  0.282659  0.290243  0.308056  0.313220
                   50           25.0  0.299418  0.012143  0.254612  0.293612  0.300588  0.305728  0.313584
                   100          25.0  0.293883  0.009396  0.268991  0.290243  0.290243  0.298142  0.310853
longest_freeHW     5            25.0  0.304147  0.027761  0.176872  0.307789  0.311943  0.313736  0.313980
                   10           25.0  0.311851  0.001471  0.307770  0.311455  0.312702  0.312732  0.313922
                   25           25.0  0.305483  0.036399  0.130816  0.312129  0.313071  0.313198  0.313928
                   50           25.0  0.312115  0.002663  0.300502  0.311578  0.313144  0.313525  0.313904
                   100          25.0  0.312860  0.000508  0.311448  0.312414  0.313071  0.313071  0.313578
longest_profit     5            25.0  0.304306  0.035148  0.137036  0.311673  0.313174  0.313831  0.313831
                   10           25.0  0.313065  0.000980  0.308670  0.313381  0.313381  0.313381  0.313381
                   25           25.0  0.308775  0.022875  0.199011  0.313419  0.313450  0.313450  0.313628
                   50           25.0  0.312837  0.001657  0.306560  0.313381  0.313381  0.313552  0.313712
                   100          25.0  0.313433  0.000236  0.312756  0.313450  0.313450  0.313450  0.313969