                               count      mean       std       min       25%       50%       75%       max
type               numIntents                                                                             
Hungriest_Balanced 5           100.0  0.205599  0.041411  0.123899  0.184555  0.191362  0.218147  0.343948
                   10           49.0  0.627751  0.048078  0.491636  0.603084  0.630162  0.650617  0.721542
                   25           49.0  0.931351  0.000731  0.929347  0.931056  0.931672  0.931854  0.931989
                   50            5.0  0.931867  0.000054  0.931807  0.931813  0.931881  0.931910  0.931922
                   100           5.0  0.931754  0.000116  0.931575  0.931716  0.931797  0.931801  0.931881
Hungriest_Carbon   5           100.0  0.026442  0.001625  0.021646  0.025602  0.026000  0.027184  0.032468
                   10           49.0  0.086741  0.007908  0.076100  0.081195  0.085228  0.092090  0.117593
                   25           49.0  0.485780  0.062600  0.362476  0.454167  0.482506  0.508434  0.702349
                   50            5.0  0.923714  0.004831  0.916223  0.923124  0.924703  0.924942  0.929580
                   100           5.0  0.929241  0.002793  0.924479  0.929916  0.929933  0.929982  0.931896
Hungriest_Free HW  5           100.0  0.238435  0.043523  0.146667  0.212093  0.226390  0.272473  0.370037
                   10           49.0  0.568427  0.072958  0.450849  0.510845  0.557787  0.599635  0.812146
                   25           49.0  0.931390  0.000533  0.930312  0.931003  0.931592  0.931856  0.931994
                   50            5.0  0.931389  0.000351  0.930801  0.931405  0.931436  0.931591  0.931710
                   100           5.0  0.931189  0.000402  0.930801  0.930839  0.931206  0.931313  0.931787
Hungriest_Profit   5           100.0  0.780422  0.019055  0.741564  0.772292  0.775424  0.787770  0.858497
                   10           49.0  0.931074  0.000682  0.930156  0.930195  0.931165  0.931692  0.931983
                   25           49.0  0.930959  0.000690  0.930195  0.930195  0.930955  0.931692  0.931973
                   50            5.0  0.931338  0.000566  0.930728  0.930893  0.931213  0.931928  0.931928
                   100           5.0  0.931610  0.000416  0.930893  0.931664  0.931696  0.931898  0.931898
Longest_Balanced   5           100.0  0.190568  0.047265  0.111742  0.163790  0.171608  0.196812  0.339485
                   10           49.0  0.611066  0.049398  0.451400  0.596292  0.611516  0.639040  0.712283
                   25           49.0  0.931126  0.000738  0.929298  0.930494  0.931359  0.931771  0.931967
                   50            5.0  0.931403  0.000492  0.930879  0.930891  0.931527  0.931844  0.931872
                   100           5.0  0.931436  0.000686  0.930265  0.931446  0.931621  0.931874  0.931972
Longest_Carbon     5           100.0  0.025702  0.003108  0.020468  0.024288  0.024288  0.027077  0.034582
                   10           49.0  0.082498  0.010460  0.069145  0.074582  0.079177  0.088481  0.110942
                   25           49.0  0.443032  0.070308  0.347357  0.396243  0.424984  0.466226  0.696613
                   50            5.0  0.923622  0.002935  0.920573  0.922114  0.922937  0.924161  0.928327
                   100           5.0  0.928593  0.002390  0.925727  0.927327  0.927905  0.930313  0.931692
Longest_Free HW    5           100.0  0.234990  0.040949  0.131586  0.215182  0.228756  0.256631  0.378931
                   10           49.0  0.576772  0.067694  0.468995  0.527422  0.571759  0.615893  0.743915
                   25           49.0  0.931190  0.000620  0.930118  0.930666  0.931249  0.931821  0.931988
                   50            5.0  0.931590  0.000443  0.930831  0.931645  0.931716  0.931768  0.931989
                   100           5.0  0.931321  0.000402  0.930741  0.931145  0.931351  0.931607  0.931765
Longest_Profit     5           100.0  0.786387  0.013686  0.751037  0.780904  0.787697  0.789025  0.852000
                   10           49.0  0.931310  0.000571  0.929943  0.930869  0.931458  0.931869  0.931985
                   25           49.0  0.931674  0.000265  0.930588  0.931636  0.931700  0.931829  0.931994
                   50            5.0  0.931590  0.000401  0.930902  0.931615  0.931700  0.931829  0.931905
                   100           5.0  0.931474  0.000286  0.930987  0.931471  0.931564  0.931646  0.931700
MILP               5           100.0  0.784958  0.020655  0.730791  0.778157  0.782058  0.788958  0.880736
                   10           49.0  0.931367  0.000524  0.929536  0.931074  0.931532  0.931839  0.931988
                   25           49.0  0.931747  0.000241  0.931189  0.931641  0.931804  0.931947  0.931996