                               count      mean       std       min       25%       50%        75%        max
type               numIntents                                                                               
Hungriest_Balanced 5           299.0  0.027553  0.001365  0.026188  0.026847  0.027061   0.027560   0.036664
                   10          149.0  0.029788  0.001476  0.023712  0.029150  0.029486   0.029874   0.036893
                   25           99.0  0.039108  0.002715  0.037042  0.038153  0.038452   0.038952   0.057452
                   50           99.0  0.067008  0.004439  0.063237  0.065628  0.065890   0.066304   0.093136
                   100         149.0  0.172178  0.018530  0.163689  0.166570  0.167051   0.167924   0.309837
Hungriest_Carbon   5           299.0  0.027638  0.001280  0.026144  0.027148  0.027357   0.027609   0.037791
                   10          149.0  0.029186  0.001114  0.023682  0.028750  0.028956   0.029165   0.034210
                   25           99.0  0.038621  0.001651  0.036845  0.037984  0.038148   0.038362   0.047300
                   50           99.0  0.065883  0.001245  0.063891  0.065315  0.065564   0.065952   0.070280
                   100         149.0  0.171373  0.020234  0.163558  0.166506  0.167046   0.167587   0.346733
Hungriest_Free HW  5           299.0  0.027308  0.001102  0.026140  0.026767  0.026993   0.027276   0.035951
                   10          149.0  0.029662  0.001461  0.025948  0.028904  0.029244   0.029754   0.036810
                   25           99.0  0.038937  0.002618  0.036891  0.037988  0.038188   0.038586   0.057137
                   50           99.0  0.066640  0.003641  0.063203  0.065426  0.065696   0.066257   0.093376
                   100         149.0  0.173473  0.022992  0.163212  0.166450  0.167021   0.168031   0.327469
Hungriest_Profit   5           299.0  0.027264  0.000971  0.026157  0.026781  0.026999   0.027277   0.033586
                   10          149.0  0.029693  0.001605  0.023460  0.028948  0.029241   0.029794   0.037961
                   25           99.0  0.038897  0.002415  0.036826  0.038063  0.038286   0.038906   0.056932
                   50           99.0  0.066560  0.003896  0.063464  0.065433  0.065718   0.065977   0.093573
                   100         149.0  0.174367  0.026062  0.163196  0.166412  0.167005   0.168079   0.354480
Longest_Balanced   5           299.0  0.029947  0.001466  0.025967  0.029531  0.030003   0.030400   0.036246
                   10          149.0  0.031767  0.001374  0.024000  0.031458  0.031760   0.032205   0.038107
                   25           99.0  0.040642  0.001510  0.036953  0.040259  0.040463   0.040974   0.047066
                   50           99.0  0.068871  0.004675  0.063697  0.067928  0.068270   0.068726   0.102975
                   100         149.0  0.175748  0.010544  0.170315  0.173318  0.173896   0.174551   0.260428
Longest_Carbon     5           299.0  0.027571  0.001178  0.026038  0.027171  0.027328   0.027520   0.037649
                   10          149.0  0.029890  0.001535  0.023647  0.029302  0.029481   0.029771   0.037259
                   25           99.0  0.039808  0.001493  0.037111  0.039494  0.039776   0.040119   0.046190
                   50           99.0  0.069678  0.005834  0.063907  0.068664  0.069138   0.069691   0.113463
                   100         149.0  0.188113  0.020738  0.168221  0.182014  0.186495   0.187502   0.332930
Longest_Free HW    5           299.0  0.030301  0.001843  0.025970  0.029816  0.030410   0.030767   0.038083
                   10          149.0  0.032033  0.001662  0.023962  0.031728  0.032162   0.032550   0.039378
                   25           99.0  0.040857  0.001318  0.037073  0.040366  0.041055   0.041382   0.045462
                   50           99.0  0.069213  0.003877  0.063671  0.068333  0.068804   0.069156   0.101929
                   100         149.0  0.176604  0.012740  0.170140  0.173811  0.174367   0.175194   0.297027
Longest_Profit     5           299.0  0.030403  0.001805  0.026080  0.029947  0.030525   0.030786   0.040549
                   10          149.0  0.032303  0.001742  0.024082  0.031940  0.032343   0.032560   0.044027
                   25           99.0  0.041130  0.001747  0.037033  0.040925  0.041187   0.041354   0.050796
                   50           99.0  0.069073  0.002627  0.063478  0.068371  0.068848   0.069154   0.083265
                   100         149.0  0.175590  0.006299  0.171722  0.173809  0.174296   0.175122   0.218666
MILP               5           299.0  0.153871  0.033922  0.069853  0.133261  0.153987   0.171254   0.389193
                   10          149.0  0.672496  0.431461  0.099738  0.289474  0.629018   0.888825   2.318124
                   25           99.0  1.951734  0.875007  0.151724  1.460314  2.027579   2.519810   4.762181
                   50           99.0  4.035860  1.570320  0.261230  3.234703  4.272353   5.151303   7.566834
                   100         149.0  8.925435  3.398417  0.512906  7.085400  9.325548  10.986799  17.890972