                               count        mean        std        min         25%         50%         75%         max
type               numIntents                                                                                         
MILP               5            25.0    8.804004   0.382196   7.793001    8.677615    8.735851    9.001640    9.704903
                   10           25.0   29.424492   5.523348  22.863105   25.397100   29.082093   32.703149   47.410914
                   25           25.0  169.733217  51.998581  98.212975  127.977201  161.117149  194.526802  306.021524
hungriest_balanced 5            25.0    0.048879   0.000680   0.048148    0.048545    0.048717    0.048973    0.051774
                   10           25.0    0.080148   0.001129   0.078306    0.079507    0.079931    0.080454    0.084531
                   25           25.0    0.271805   0.004325   0.260462    0.272475    0.272972    0.274358    0.275509
hungriest_carbon   5            25.0    0.049507   0.000862   0.048553    0.049117    0.049332    0.049480    0.052358
                   10           25.0    0.081324   0.001020   0.080491    0.080770    0.081182    0.081589    0.085733
                   25           25.0    0.279484   0.003896   0.273647    0.277299    0.278415    0.279962    0.290276
hungriest_freeHW   5            25.0    0.048729   0.000309   0.048195    0.048505    0.048644    0.048905    0.049322
                   10           25.0    0.079133   0.000784   0.078446    0.078675    0.078928    0.079367    0.082357
                   25           25.0    0.260655   0.004172   0.255304    0.256636    0.259829    0.264567    0.267651
hungriest_profit   5            25.0    0.049180   0.000355   0.048505    0.048861    0.049183    0.049347    0.049831
                   10           25.0    0.080828   0.000525   0.079945    0.080638    0.080767    0.080980    0.082151
                   25           25.0    0.276483   0.001667   0.273064    0.275524    0.276547    0.277547    0.280503
longest_balanced   5            25.0    0.048394   0.000340   0.047949    0.048090    0.048367    0.048729    0.049197
                   10           25.0    0.080118   0.000724   0.078989    0.079527    0.080162    0.080654    0.081665
                   25           25.0    0.271806   0.003424   0.261760    0.271505    0.272909    0.273761    0.274758
longest_carbon     5            25.0    0.048502   0.000276   0.048077    0.048271    0.048528    0.048738    0.049043
                   10           25.0    0.080663   0.000642   0.079596    0.080281    0.080533    0.080942    0.082349
                   25           25.0    0.276673   0.001370   0.274324    0.275647    0.276594    0.277896    0.279442
longest_freeHW     5            25.0    0.048396   0.000298   0.048048    0.048138    0.048264    0.048565    0.048965
                   10           25.0    0.080063   0.001758   0.078724    0.079404    0.079660    0.080181    0.087812
                   25           25.0    0.256861   0.000955   0.255045    0.256295    0.256787    0.257336    0.258820
longest_profit     5            25.0    0.048505   0.000241   0.048094    0.048328    0.048460    0.048683    0.049095
                   10           25.0    0.080349   0.001508   0.079065    0.079660    0.079932    0.080286    0.086667
                   25           25.0    0.274716   0.002361   0.270116    0.273291    0.274579    0.275366    0.282587