                               count      mean       std       min       25%       50%       75%       max
type               numIntents                                                                             
MILP               5            25.0  6.373189  0.851156  4.578421  6.174515  6.456098  6.464732  8.098033
                   10           25.0  6.381203  2.032022 -0.000000  6.303233  6.656875  7.619860  9.272674
                   25           25.0  7.029519  0.967503  4.842853  6.457202  7.616894  7.619860  8.097909
                   50           25.0  7.151988  0.786885  4.842853  6.303233  7.616894  7.619860  8.089003
                   100          25.0  7.199032  1.229700  2.389075  6.948420  7.619860  7.619860  9.272674
hungriest_balanced 5            25.0  5.725196  1.426766  2.359821  4.749746  6.448638  6.456824  8.092323
                   10           25.0  5.540987  1.820022  0.000000  4.749746  6.453859  6.456824  8.091105
                   25           25.0  6.281809  0.964769  4.644590  6.206779  6.456824  6.456824  8.094277
                   50           25.0  6.020556  0.884488  4.644590  4.806649  6.456824  6.457031  8.087693
                   100          25.0  6.123786  1.244651  2.287119  6.192199  6.456824  6.456824  8.091105
hungriest_carbon   5            25.0  5.778227  1.284932  3.933841  4.742664  6.442627  6.448638  8.092323
                   10           25.0  4.817540  1.502419  0.000000  4.644590  4.644590  6.102314  6.457190
                   25           25.0  5.098262  0.847059  3.728000  4.644590  4.644590  6.192199  6.454870
                   50           25.0  4.986097  0.853644  4.640314  4.644590  4.644590  4.644590  8.076175
                   100          25.0  5.047570  0.991950  2.278568  4.644590  4.644590  6.192199  6.448638
hungriest_freeHW   5            25.0  4.863015  0.899381  3.928743  4.742664  4.742664  4.742664  8.090379
                   10           25.0  4.567005  1.443734  0.000000  4.644590  4.644590  4.742664  6.451822
                   25           25.0  4.928954  0.923518  3.722953  4.644590  4.644590  4.742664  6.452926
                   50           25.0  4.835899  0.863652  3.722953  4.644590  4.644590  4.644590  8.080451
                   100          25.0  4.952867  0.955764  2.278568  4.644590  4.644590  4.789651  6.451822
hungriest_profit   5            25.0  5.696272  1.557077  2.303331  4.749746  6.453859  6.464732  8.097909
                   10           25.0  5.462680  1.857108  0.000000  4.715230  6.454963  6.464732  8.099013
                   25           25.0  6.180675  1.041386  4.749055  4.811385  6.461307  6.464732  8.097909
                   50           25.0  6.038987  0.882591  4.709029  4.811385  6.461307  6.464732  8.088968
                   100          25.0  6.297875  1.271068  2.287119  6.365406  6.461307  6.464732  8.097909
longest_balanced   5            25.0  5.573652  1.298466  3.764765  4.474806  6.225171  6.225171  7.862623
                   10           25.0  5.531807  1.944308  0.000000  4.233241  5.888656  7.287632  7.291908
                   25           25.0  6.205301  1.196209  4.192998  5.638561  5.890864  7.287632  7.287632
                   50           25.0  6.115409  1.292007  4.186654  5.635438  5.889760  7.287632  7.496111
                   100          25.0  6.155026  1.567292  2.032766  5.635438  7.280588  7.287632  7.504182
longest_carbon     5            25.0  4.572227  0.790414  3.764765  4.405092  4.405092  4.409368  7.856249
                   10           25.0  5.722475  1.972619  0.000000  5.631163  5.889760  7.287858  7.287858
                   25           25.0  6.142769  1.184940  4.184446  5.634510  5.884380  7.287858  7.287858
                   50           25.0  6.179113  1.311866  4.178102  5.634510  7.283582  7.287858  7.496111
                   100          25.0  6.086907  1.553863  2.028490  5.631163  5.886588  7.287858  7.504182
longest_freeHW     5            25.0  4.611636  0.878614  3.677561  4.409368  4.409368  4.409368  7.852933
                   10           25.0  4.368359  1.643915  0.000000  4.164665  4.186654  5.828278  5.874177
                   25           25.0  5.165829  1.085105  2.028490  4.179206  5.828278  5.835726  5.882657
                   50           25.0  4.916482  1.197559  2.028490  4.179206  5.828278  5.828278  5.889760
                   100          25.0  5.276173  1.240044  2.028490  4.186512  5.828278  5.835726  7.511629
longest_profit     5            25.0  5.721032  1.258873  3.773379  4.518092  6.225171  6.228803  7.866255
                   10           25.0  4.986593  1.630986  0.000000  4.238683  5.894098  5.896306  7.526249
                   25           25.0  5.625442  0.881810  4.194102  5.867771  5.896306  5.896306  7.527275
                   50           25.0  5.490022  0.869142  4.186654  4.246131  5.895202  5.896306  7.496111
                   100          25.0  5.518167  1.276879  2.032766  5.888796  5.894098  5.896306  7.520181