                               count      mean       std       min       25%       50%       75%       max
type               numIntents                                                                             
MILP               5            25.0  0.117465  0.025017  0.089895  0.097239  0.109120  0.143194  0.158603
                   10           25.0  0.134337  0.036100  0.000000  0.130509  0.148375  0.153959  0.158381
                   25           25.0  0.146558  0.015060  0.108272  0.147995  0.148375  0.156535  0.158786
                   50           25.0  0.149676  0.013289  0.091177  0.148375  0.150701  0.157537  0.158722
                   100          25.0  0.149015  0.009960  0.109120  0.147995  0.147995  0.156261  0.158881
hungriest_balanced 5            25.0  0.090820  0.038866  0.037837  0.065624  0.079290  0.112045  0.158444
                   10           25.0  0.107095  0.046770  0.000000  0.065624  0.110287  0.153791  0.157143
                   25           25.0  0.100295  0.038815  0.060393  0.065624  0.082439  0.153265  0.157956
                   50           25.0  0.094801  0.039886  0.051006  0.065624  0.071074  0.148571  0.157528
                   100          25.0  0.096876  0.039951  0.050583  0.065624  0.071856  0.143305  0.158474
hungriest_carbon   5            25.0  0.098503  0.043189  0.016675  0.060001  0.080407  0.137774  0.158407
                   10           25.0  0.131325  0.041358  0.000000  0.119212  0.154650  0.158474  0.158474
                   25           25.0  0.137679  0.036249  0.060001  0.129048  0.158474  0.158474  0.158474
                   50           25.0  0.144801  0.029807  0.065509  0.154460  0.158474  0.158474  0.158474
                   100          25.0  0.133897  0.038459  0.050583  0.117692  0.158474  0.158474  0.158474
hungriest_freeHW   5            25.0  0.141875  0.032541  0.027440  0.142295  0.158407  0.158407  0.158893
                   10           25.0  0.136693  0.038389  0.000000  0.127677  0.156954  0.156954  0.158474
                   25           25.0  0.139980  0.028739  0.075213  0.148575  0.156954  0.156954  0.158407
                   50           25.0  0.151794  0.016616  0.080747  0.156954  0.156954  0.156954  0.158407
                   100          25.0  0.134143  0.036232  0.050583  0.098660  0.156954  0.156954  0.158474
hungriest_profit   5            25.0  0.112847  0.033911  0.049467  0.085798  0.109120  0.143319  0.157532
                   10           25.0  0.116416  0.035424  0.000000  0.097355  0.109120  0.153265  0.156050
                   25           25.0  0.113855  0.024959  0.071229  0.099733  0.109120  0.134718  0.157956
                   50           25.0  0.113911  0.027982  0.060393  0.099733  0.109120  0.136963  0.158724
                   100          25.0  0.108305  0.026431  0.050583  0.095185  0.109120  0.133429  0.155541
longest_balanced   5            25.0  0.084502  0.035545  0.028094  0.064490  0.069721  0.097308  0.157363
                   10           25.0  0.122243  0.042824  0.000000  0.096097  0.149588  0.153441  0.158975
                   25           25.0  0.130917  0.034523  0.056785  0.104997  0.153441  0.153441  0.157363
                   50           25.0  0.136369  0.027128  0.072704  0.104997  0.153441  0.153441  0.156057
                   100          25.0  0.130290  0.038723  0.045293  0.089423  0.153441  0.153441  0.158912
longest_carbon     5            25.0  0.127790  0.046817  0.028094  0.116258  0.154430  0.154430  0.158444
                   10           25.0  0.133530  0.042364  0.000000  0.146103  0.152998  0.155490  0.157238
                   25           25.0  0.126190  0.037252  0.057925  0.093299  0.146103  0.155490  0.155490
                   50           25.0  0.135080  0.030087  0.072704  0.095449  0.151257  0.155490  0.156817
                   100          25.0  0.129341  0.039643  0.045293  0.104279  0.151663  0.155490  0.155490
longest_freeHW     5            25.0  0.143564  0.028842  0.062032  0.154430  0.156924  0.156924  0.158444
                   10           25.0  0.147639  0.032925  0.000000  0.153659  0.156114  0.158545  0.158729
                   25           25.0  0.144970  0.023887  0.098365  0.151985  0.156851  0.158729  0.158729
                   50           25.0  0.150992  0.020153  0.072704  0.154876  0.157512  0.158729  0.158729
                   100          25.0  0.139922  0.031648  0.045293  0.137972  0.157512  0.158729  0.158729
longest_profit     5            25.0  0.103524  0.025831  0.065522  0.085937  0.105412  0.113218  0.157363
                   10           25.0  0.129363  0.030943  0.000000  0.121478  0.136096  0.140592  0.158912
                   25           25.0  0.134042  0.017078  0.075538  0.130942  0.136096  0.136096  0.158005
                   50           25.0  0.136362  0.015211  0.095753  0.130942  0.136096  0.142924  0.158005
                   100          25.0  0.125623  0.023435  0.045293  0.115706  0.136096  0.136096  0.158912