                               count         mean          std         min          25%          50%          75%           max
type               numIntents                                                                                                  
Hungriest_Balanced 5           100.0     0.035396     0.000566    0.034880     0.035141     0.035272     0.035486      0.038884
                   10           49.0     0.053117     0.000764    0.051831     0.052804     0.053061     0.053451      0.055960
                   25           49.0     0.170333     0.019724    0.148296     0.155575     0.166091     0.173218      0.227556
                   50            5.0     0.463369     0.055680    0.429026     0.435921     0.441881     0.447829      0.562186
                   100           5.0     1.979265     1.069776    1.448634     1.467481     1.469033     1.622340      3.888835
Hungriest_Carbon   5           100.0     0.035677     0.001092    0.034886     0.035248     0.035340     0.035589      0.041880
                   10           49.0     0.053686     0.000794    0.052883     0.053302     0.053557     0.053852      0.058200
                   25           49.0     0.162898     0.001784    0.158277     0.161598     0.162820     0.164410      0.166175
                   50            5.0     0.758677     0.320728    0.532031     0.541629     0.637620     0.777556      1.304548
                   100           5.0     2.084238     0.810422    1.521473     1.523149     1.524964     2.560862      3.290742
Hungriest_Free HW  5           100.0     0.035263     0.000505    0.034818     0.035051     0.035159     0.035355      0.039606
                   10           49.0     0.052039     0.000460    0.051396     0.051788     0.051972     0.052140      0.054399
                   25           49.0     0.187114     0.045718    0.141094     0.158357     0.171158     0.205982      0.363188
                   50            5.0     0.714566     0.288306    0.426833     0.493425     0.617182     0.956344      1.079048
                   100           5.0     1.984622     0.843932    1.444907     1.551794     1.604007     1.851920      3.470481
Hungriest_Profit   5           100.0     0.035635     0.000750    0.035142     0.035347     0.035481     0.035652      0.040222
                   10           49.0     0.067918     0.010965    0.052747     0.059841     0.069931     0.070961      0.114327
                   25           49.0     0.186386     0.059387    0.134079     0.138238     0.176613     0.225896      0.478645
                   50            5.0     0.612413     0.199147    0.408594     0.411357     0.628856     0.784708      0.828552
                   100           5.0     1.749492     0.325842    1.395706     1.409208     1.863409     2.004437      2.074702
Longest_Balanced   5           100.0     0.035340     0.000411    0.034818     0.035109     0.035270     0.035451      0.037656
                   10           49.0     0.051960     0.000500    0.050875     0.051707     0.051939     0.052186      0.053525
                   25           49.0     0.172153     0.022347    0.144902     0.152289     0.162105     0.193289      0.222853
                   50            5.0     0.504514     0.093433    0.432326     0.435304     0.448474     0.569423      0.637045
                   100           5.0     1.500170     0.086144    1.429936     1.457801     1.461666     1.504813      1.646633
Longest_Carbon     5           100.0     0.035329     0.000232    0.034730     0.035161     0.035349     0.035484      0.036265
                   10           49.0     0.052833     0.000428    0.051888     0.052636     0.052859     0.052941      0.054863
                   25           49.0     0.160022     0.001285    0.157181     0.159353     0.159763     0.160657      0.163097
                   50            5.0     0.613001     0.094942    0.515233     0.548561     0.606443     0.633895      0.760871
                   100           5.0     8.350627     9.123948    1.604160     1.621929     2.656922    14.325735     21.544388
Longest_Free HW    5           100.0     0.035342     0.000916    0.034754     0.035008     0.035185     0.035414      0.043366
                   10           49.0     0.051647     0.001378    0.050561     0.051186     0.051340     0.051635      0.060274
                   25           49.0     0.178630     0.025550    0.147027     0.158816     0.170589     0.192818      0.229100
                   50            5.0     0.539723     0.164997    0.428936     0.431104     0.437364     0.594349      0.806862
                   100           5.0     1.684960     0.290550    1.431416     1.463600     1.632889     1.744943      2.151954
Longest_Profit     5           100.0     0.035379     0.000281    0.034999     0.035209     0.035336     0.035489      0.037412
                   10           49.0     0.070024     0.009923    0.053927     0.062935     0.065891     0.077350      0.090437
                   25           49.0     0.166889     0.019582    0.140108     0.154078     0.157585     0.182628      0.217158
                   50            5.0     0.436649     0.057515    0.403456     0.411451     0.413547     0.415584      0.539206
                   100           5.0     1.405988     0.038486    1.381398     1.385129     1.390083     1.399584      1.473744
MILP               5           100.0     2.405728     0.620171    1.608794     1.731326     2.526963     2.799431      4.107573
                   10           49.0    65.576275    16.117477   31.607141    54.420481    65.969294    78.083701     96.494306
                   25           49.0  3846.108309  3141.004743  207.909014  1910.745495  2994.280217  4817.533057  17481.104411