                               count          mean           std          min           25%           50%           75%            max
type               numIntents                                                                                                         
Hungriest_Balanced 5           100.0      0.031046      0.000826     0.030224      0.030587      0.030773      0.031225       0.035347
                   10           50.0      0.042577      0.005303     0.038072      0.039020      0.040950      0.044776       0.063542
                   25           50.0      0.089276      0.010215     0.080178      0.082505      0.083975      0.093622       0.118253
                   50           50.0      0.232547      0.031522     0.206432      0.213332      0.219059      0.239032       0.379859
                   100          20.0      0.738248      0.032739     0.692132      0.701868      0.749650      0.761805       0.793859
Hungriest_Carbon   5           100.0      0.030794      0.000719     0.030190      0.030468      0.030599      0.030810       0.034529
                   10           50.0      0.042778      0.001685     0.041609      0.042016      0.042166      0.042676       0.050678
                   25           50.0      0.454824      0.765547     0.088981      0.097998      0.110820      0.431738       3.209553
                   50           50.0      0.805211      1.992642     0.217486      0.232961      0.295611      0.380571      12.021501
                   100          20.0      5.161948      8.329230     0.727555      0.779819      1.210536      2.572871      26.125507
Hungriest_Free HW  5           100.0      0.030859      0.001409     0.030030      0.030326      0.030444      0.030797       0.039312
                   10           50.0      0.044543      0.005251     0.038981      0.041183      0.042988      0.045907       0.068192
                   25           50.0      0.097877      0.022714     0.082965      0.084941      0.090116      0.099000       0.191396
                   50           50.0      0.240715      0.032779     0.211941      0.217041      0.231290      0.251931       0.371352
                   100          20.0      0.767272      0.141691     0.707237      0.715135      0.717965      0.763535       1.354418
Hungriest_Profit   5           100.0      0.032683      0.001761     0.030549      0.031829      0.032271      0.032579       0.040853
                   10           50.0      0.040093      0.002218     0.038540      0.038922      0.039225      0.040613       0.048953
                   25           50.0      0.085632      0.005739     0.080876      0.081420      0.082306      0.089096       0.100169
                   50           50.0      0.211489      0.008506     0.206056      0.207584      0.208392      0.209310       0.239776
                   100          20.0      0.733319      0.070308     0.690072      0.698155      0.702950      0.728168       0.931140
Longest_Balanced   5           100.0      0.031243      0.001662     0.030082      0.030496      0.030706      0.031097       0.038536
                   10           50.0      0.042226      0.002947     0.038720      0.040046      0.041245      0.043594       0.053430
                   25           50.0      0.088806      0.008350     0.079574      0.081945      0.085234      0.096186       0.107328
                   50           50.0      0.225777      0.019356     0.205325      0.212025      0.217226      0.238554       0.272568
                   100          20.0      0.758378      0.096041     0.692240      0.703441      0.709908      0.750992       0.944872
Longest_Carbon     5           100.0      0.030807      0.000844     0.030175      0.030443      0.030571      0.030726       0.035375
                   10           50.0      0.041589      0.000789     0.040840      0.041209      0.041461      0.041700       0.046310
                   25           50.0      0.099653      0.010455     0.090580      0.093933      0.095095      0.102759       0.159858
                   50           50.0      0.433443      0.285118     0.235544      0.253743      0.283766      0.539346       1.409394
                   100          20.0      1.268598      1.232177     0.750267      0.756480      0.855522      1.132081       6.232740
Longest_Free HW    5           100.0      0.030601      0.001037     0.029928      0.030232      0.030350      0.030531       0.037692
                   10           50.0      0.042203      0.002178     0.039611      0.040536      0.042013      0.042992       0.049972
                   25           50.0      0.095208      0.008821     0.082017      0.088068      0.094457      0.100242       0.123825
                   50           50.0      0.243588      0.040917     0.211564      0.221588      0.229664      0.247538       0.458327
                   100          20.0      0.802202      0.168218     0.709791      0.719786      0.731226      0.784610       1.418153
Longest_Profit     5           100.0      0.031484      0.000826     0.030338      0.030957      0.031172      0.031896       0.034877
                   10           50.0      0.040931      0.001437     0.038104      0.040503      0.040874      0.041221       0.045322
                   25           50.0      0.089151      0.003885     0.081688      0.086582      0.089622      0.090509       0.103566
                   50           50.0      0.216991      0.005561     0.206539      0.214536      0.216388      0.218123       0.250032
                   100          20.0      0.711374      0.014448     0.698721      0.706263      0.707682      0.710747       0.769400
MILP               5           100.0      2.406447      0.903969     0.669021      2.058765      2.323846      2.631216       6.869124
                   10           50.0     33.374506     13.379110     9.273018     26.228049     29.475369     37.047191      81.346512
                   25           50.0   5214.809539   8554.958407   209.538462   1987.124544   3291.279780   5870.530868   60440.879763
                   50           48.0  29755.357673  55897.677179  1824.610795   6566.458215  13266.976562  25814.320911  297709.615054
                   100          19.0  46160.001821  34610.745073  7835.927661  20370.411922  35935.760885  58157.849151  121494.022311