                               count       mean       std        min        25%        50%        75%        max
type               numIntents                                                                                   
Hungriest_Balanced 5           100.0  10.193874  0.021722  10.150506  10.185256  10.191463  10.196323  10.269736
                   10           49.0  20.929760  0.027418  20.850809  20.922729  20.940498  20.947606  20.967595
                   25           49.0  31.024120  1.436531  27.719658  29.803335  31.453135  31.870050  33.444234
                   50            5.0  30.678128  0.850930  29.805997  30.459663  30.464473  30.558305  32.102201
                   100           5.0  30.622231  1.263545  29.589549  29.814606  30.464473  30.470943  32.771585
Hungriest_Carbon   5           100.0  10.060866  0.008403  10.032149  10.059394  10.062536  10.063366  10.084277
                   10           49.0  20.564060  0.012092  20.516463  20.562524  20.567382  20.570231  20.590135
                   25           49.0  48.152086  1.185784  41.932594  48.524855  48.536551  48.558648  48.661777
                   50            5.0  57.730086  3.716772  53.197933  54.807676  58.292644  60.148874  62.203303
                   100           5.0  55.697336  4.305428  50.329680  52.749727  55.459000  59.911517  60.036757
Hungriest_Free HW  5           100.0  10.133801  0.029347  10.079395  10.114754  10.122980  10.154678  10.223691
                   10           49.0  20.751204  0.033646  20.694402  20.725622  20.746249  20.774343  20.831704
                   25           49.0  29.717156  2.227640  25.491278  27.588980  29.616177  31.669496  34.744676
                   50            5.0  29.574823  2.496008  27.323015  27.995569  27.996308  31.938973  32.620249
                   100           5.0  31.111564  2.703292  28.022830  29.667249  30.304769  32.620249  34.942722
Hungriest_Profit   5           100.0  10.382283  0.004070  10.363228  10.382519  10.383223  10.383254  10.387366
                   10           49.0  12.818366  0.938052  12.091870  12.116991  12.121085  13.769574  14.194999
                   25           49.0  12.691984  1.028014  12.109745  12.116991  12.116991  13.527311  16.174448
                   50            5.0  11.658174  0.393531  11.227597  11.231538  11.909476  11.909476  12.012783
                   100           5.0  12.208084  1.041651  11.227904  11.906025  11.907998  12.012783  13.985711
Longest_Balanced   5           100.0  10.185237  0.024696  10.148054  10.173443  10.175081  10.186001  10.267259
                   10           49.0  20.919311  0.027400  20.828986  20.905634  20.925134  20.937594  20.970360
                   25           49.0  28.795611  2.672815  22.204704  27.444064  28.865855  29.101765  37.447881
                   50            5.0  26.462833  2.299437  23.669347  25.333268  25.978372  27.636447  29.696731
                   100           5.0  24.781929  0.887592  23.226341  24.863206  25.264241  25.268869  25.286989
Longest_Carbon     5           100.0  10.058649  0.008428  10.029876  10.056818  10.057536  10.063097  10.083029
                   10           49.0  20.559985  0.017076  20.507636  20.551106  20.568192  20.570707  20.588601
                   25           49.0  48.402091  0.567696  45.219924  48.505549  48.517989  48.545958  48.686905
                   50            5.0  56.715144  2.877044  52.819014  55.576432  57.020581  57.443371  60.716323
                   100           5.0  44.687629  1.305915  42.594295  44.462328  44.855534  45.608339  45.917649
Longest_Free HW    5           100.0  10.129117  0.025410  10.082198  10.115216  10.123953  10.140160  10.227659
                   10           49.0  20.748883  0.035418  20.689185  20.724957  20.747776  20.769345  20.837111
                   25           49.0  29.710548  3.896348  22.062848  27.262974  28.930342  32.504778  38.932284
                   50            5.0  26.608983  3.333238  23.498332  23.520967  25.823023  29.769877  30.432715
                   100           5.0  25.029895  0.186916  24.695983  25.105413  25.108772  25.109304  25.130005
Longest_Profit     5           100.0  10.381376  0.005107  10.363065  10.379810  10.383727  10.383839  10.387590
                   10           49.0   9.716033  0.797595   9.089650   9.114429   9.117618  10.749705  10.758729
                   25           49.0   9.002804  0.692324   8.603856   8.633606   8.635449   8.643928  10.278800
                   50            5.0   8.634811  0.001753   8.632670   8.633244   8.635449   8.636082   8.636608
                   100           5.0   8.636738  0.001469   8.635449   8.635922   8.636183   8.636960   8.639177
MILP               5           100.0  10.383982  0.002576  10.373434  10.383760  10.384405  10.384534  10.387663
                   10           49.0  21.071971  0.006086  21.049350  21.071768  21.074385  21.074947  21.077439
                   25           49.0  48.940458  0.237928  47.314054  48.962518  48.980405  48.985311  49.006432