                               count       mean       std        min        25%        50%        75%        max
type               numIntents                                                                                   
Hungriest_Balanced 5            99.0   9.001256  0.989982   7.012951   8.658646   8.664216  10.258045  10.306254
                   10           49.0   9.676397  2.031270   7.152784   7.164165   9.577148  11.212669  14.011546
                   25           49.0   9.941470  2.373350   7.155502   7.165531   9.576105  11.976131  16.007531
                   50           49.0   9.370522  1.729781   7.154979   7.165531   9.471679  11.110350  13.408571
                   100          19.0   8.344235  1.536151   7.157868   7.159270   7.165531   9.474369  11.753482
Hungriest_Carbon   5            99.0  10.071106  0.006952  10.057891  10.067303  10.068631  10.075109  10.094869
                   10           49.0  20.597415  0.231454  19.012375  20.621499  20.629417  20.635314  20.657660
                   25           49.0  26.259644  1.558892  22.596219  25.278356  26.256992  26.921930  30.222675
                   50           49.0  25.703915  1.723308  19.681904  25.483367  25.597059  27.123839  28.776569
                   100          19.0  25.561040  1.261274  22.531477  24.827097  25.500404  26.471243  27.133425
Hungriest_Free HW  5            99.0  10.153264  0.160083   8.601857  10.149440  10.159959  10.189434  10.234977
                   10           49.0  14.714592  1.246502  11.925215  13.975544  13.986949  15.629126  17.685003
                   25           49.0  17.680746  2.489320  11.916637  16.723581  18.148522  19.152863  21.219049
                   50           49.0  14.195002  2.006245  10.818763  13.340318  14.010787  15.642087  18.741407
                   100          19.0  13.580098  1.338405  11.690874  12.434936  14.010787  14.018862  16.437690
Hungriest_Profit   5            99.0   7.582745  0.782271   6.963101   7.022744   7.027716   8.661151   8.662086
                   10           49.0   7.303244  0.511789   7.114411   7.157290   7.158986   7.158986   9.516833
                   25           49.0   7.700682  0.847156   7.114411   7.157094   7.158986   8.791865   9.552944
                   50           49.0   7.348086  0.711766   7.114411   7.157094   7.158986   7.158986  11.049832
                   100          19.0   7.619424  0.816200   7.114411   7.157094   7.158986   7.975033   9.468953
Longest_Balanced   5            99.0   9.017807  0.881396   7.003409   8.659940   8.664805  10.240277  10.303351
                   10           49.0   9.288383  1.146841   6.665473   8.980465   8.990844  10.399595  11.304540
                   25           49.0   7.810045  1.193089   6.433130   6.445214   8.079071   8.512330  10.897381
                   50           49.0   7.957287  1.047115   6.423048   6.449772   8.502966   8.513258  10.572288
                   100          19.0   7.657157  1.141584   6.439686   6.445214   8.079071   8.507193  10.126568
Longest_Carbon     5            99.0  10.068349  0.007019  10.055395  10.066448  10.067665  10.070997  10.094556
                   10           49.0  20.613828  0.012353  20.598310  20.604937  20.611104  20.620424  20.649551
                   25           49.0  24.868710  2.229967  19.457118  23.451682  24.875502  26.516595  28.160225
                   50           49.0  22.952550  2.289356  14.625141  22.425222  23.312521  24.044322  25.891246
                   100          19.0  22.092577  1.392606  19.676075  20.764449  22.393463  23.110925  24.026721
Longest_Free HW    5            99.0  10.166179  0.029190  10.096700  10.145138  10.161670  10.187641  10.266626
                   10           49.0  13.672975  1.723521  11.211375  12.631983  12.871739  15.038930  17.445283
                   25           49.0  12.112281  1.761771   8.440074  10.506898  12.535025  12.564858  17.172767
                   50           49.0  11.565148  1.551839   7.796940  10.491642  12.136986  12.566624  14.211458
                   100          19.0  11.400635  1.201779   8.456915  10.507575  11.928391  12.557648  12.578408
Longest_Profit     5            99.0   7.415197  0.737585   7.002192   7.024332   7.024332   7.028315  10.231288
                   10           49.0   6.897809  0.567460   6.611852   6.670897   6.670897   6.670897   8.308100
                   25           49.0   6.455453  0.234406   6.369481   6.419727   6.422658   6.426270   8.060240
                   50           49.0   6.422929  0.012600   6.370204   6.422658   6.422658   6.426130   6.446333
                   100          19.0   6.424123  0.007369   6.407283   6.421878   6.422658   6.424663   6.441467
MILP               5            99.0  10.308507  0.009959  10.252618  10.310637  10.312093  10.312575  10.313839
                   10           49.0  20.804137  0.013112  20.755501  20.799601  20.807989  20.813596  20.817299
                   25           49.0  31.495579  1.559287  27.706037  30.542004  31.962354  32.383127  34.663254
                   50           48.0  31.785480  2.216470  21.971862  31.415278  32.350011  33.154163  34.092091
                   100          18.0  31.805552  1.226717  28.688338  31.078087  31.922094  32.536886  33.742249