                               count       mean       std        min        25%        50%        75%        max
type               numIntents                                                                                   
Hungriest_Balanced 5           150.0   9.485048  1.127057   6.879047   8.539507  10.173977  10.177538  10.188115
                   10          100.0  11.691644  2.239263   7.031134   9.458390  11.872399  13.296636  20.784586
                   25           50.0  11.671931  2.369972   7.031385  11.508204  11.872399  12.191752  21.922107
                   50           50.0  11.229103  2.507300   2.331144  10.759055  11.213039  12.416030  21.735786
                   100          50.0  11.772513  2.113920   7.032211  10.930616  11.667999  13.072488  21.735786
Hungriest_Carbon   5           150.0   9.955057  0.477701   6.844892  10.075748  10.080204  10.085830  10.138742
                   10          100.0  15.050416  1.674132  10.856087  13.908616  14.891069  16.520354  20.752315
                   25           50.0  15.414480  2.264456   9.406562  13.570913  15.874755  17.267026  23.320929
                   50           50.0  14.139498  2.564638   2.323821  13.040855  14.464892  15.886328  20.084240
                   100          50.0  14.895157  2.021060   6.998521  13.962999  15.880970  16.043457  20.084240
Hungriest_Free HW  5           150.0   9.951555  0.600069   6.833363  10.112620  10.118794  10.131171  10.184952
                   10          100.0  13.527340  2.464772   8.402787  11.823973  13.495373  14.910175  20.758843
                   25           50.0  13.288927  2.786422   6.993521  11.483399  13.069949  14.898843  22.566388
                   50           50.0  11.642141  2.584041   2.331144  11.380547  11.618567  13.039198  21.729118
                   100          50.0  12.554112  2.286878   6.099394  11.615915  13.029412  13.263969  21.729118
Hungriest_Profit   5           150.0   7.295756  0.754198   6.887882   6.900511   6.903466   6.903466  10.221891
                   10          100.0   7.970933  1.405533   7.010745   7.034551   7.893688   8.671238  19.173763
                   25           50.0   8.227996  1.788470   7.025534   7.035313   8.671238   8.671238  19.285025
                   50           50.0   8.137524  1.893327   2.356749   7.032962   8.671238   8.671238  18.012472
                   100          50.0   8.196688  1.653315   6.142601   7.035727   8.671238   8.671238  18.012472
Longest_Balanced   5           150.0   9.118569  1.190477   6.116172   8.541572   8.548741  10.175728  10.192972
                   10          100.0  10.647018  2.045830   5.663414   9.433994  11.154359  11.192143  20.801063
                   25           50.0  10.186176  1.912773   6.294264   9.806471  10.041062  10.470475  19.633008
                   50           50.0   9.785536  2.449490   2.093372   8.396108  10.038985  10.471414  19.385490
                   100          50.0  10.191119  2.033549   6.319427   9.815370  10.452829  10.470475  19.385490
Longest_Carbon     5           150.0   9.710663  0.760345   6.791235  10.071229  10.075714  10.081977  10.130316
                   10          100.0  14.299534  1.711248  10.271863  12.789460  14.206615  15.840730  19.095929
                   25           50.0  12.300660  1.693798   8.593032  10.786159  12.679787  13.271371  18.876414
                   50           50.0  12.730171  2.200509   2.084633  11.855886  13.270983  13.439059  18.640325
                   100          50.0  12.962882  1.656456   6.511794  12.062285  13.271371  13.280943  18.640325
Longest_Free HW    5           150.0   9.773946  0.809764   6.084672  10.112115  10.118946  10.131432  10.183845
                   10          100.0  11.936943  1.997128   6.509192  11.140558  11.880783  13.523949  20.756182
                   25           50.0  10.716220  2.263946   4.191915   9.773739  10.429410  12.612352  17.350441
                   50           50.0  10.599162  2.597773   2.093372   9.826740  10.660382  12.062970  19.380307
                   100          50.0  10.984412  2.111731   4.191915  10.424024  10.433862  12.475905  19.380307
Longest_Profit     5           150.0   6.771102  1.021422   4.474246   6.319929   6.903866   6.903866  10.222271
                   10          100.0   4.795825  1.238074   4.234717   4.243294   4.243294   5.662712  14.353905
                   25           50.0   4.885705  1.437060   4.239435   4.243294   4.243294   5.296381  12.646730
                   50           50.0   4.988149  1.506036   2.122680   4.243294   4.243294   5.819884  12.646730
                   100          50.0   4.928177  1.400279   4.240468   4.243294   4.243294   5.659357  12.646730
MILP               5           150.0  10.135238  0.296554   8.531339  10.188080  10.192345  10.192517  10.228303
                   10          100.0  16.726739  1.189919  12.829911  16.559804  16.582339  17.220596  20.827504
                   25           50.0  19.829208  1.725129  15.516815  18.703826  20.008096  21.006716  25.393961
                   50           50.0  20.798792  3.092239   2.455534  20.273149  21.496353  22.257489  25.393459
                   100          50.0  21.417064  1.510471  16.283563  20.961156  21.498104  22.257516  25.393961