                               count        mean        std        min        25%         50%         75%         max
type               numIntents                                                                                        
Hungriest_Balanced 5           100.0   10.210745   0.007245  10.184829  10.207808   10.209995   10.214206   10.239597
                   10           50.0   20.889811   0.015166  20.846076  20.890444   20.892671   20.897704   20.914014
                   25           25.0   49.093973   0.038959  49.051364  49.070463   49.080021   49.118353   49.192472
                   50           15.0   60.960433  10.720844  55.928146  57.594062   58.011481   58.852246   99.437631
                   100           5.0   71.491774  21.967250  56.881875  63.365002   63.366956   63.379808  110.465227
Hungriest_Carbon   5           100.0   10.071261   0.005660  10.045893  10.069248   10.074014   10.074379   10.080657
                   10           50.0   20.585222   0.008990  20.557276  20.579086   20.587680   20.592079   20.598680
                   25           25.0   48.558285   0.017609  48.530943  48.546368   48.555009   48.567327   48.612104
                   50           15.0   98.256773   0.414033  96.765499  98.324945   98.368922   98.394309   98.413607
                   100           5.0  105.435071  18.592726  90.111136  97.301506  100.301795  101.748342  137.712577
Hungriest_Free HW  5           100.0   10.228759   0.023188  10.173707  10.214076   10.228742   10.237709   10.289000
                   10           50.0   20.922983   0.037380  20.807363  20.910245   20.928549   20.948364   21.004288
                   25           25.0   36.980161   4.428577  31.999653  33.467308   36.277884   40.952340   49.267480
                   50           15.0   45.121576  15.543710  32.997200  39.798570   41.815841   45.013718   99.372081
                   100           5.0   50.077497  28.292709  32.955843  32.993547   39.919144   44.604234   99.914716
Hungriest_Profit   5           100.0   10.400569   0.001496  10.394828  10.399780   10.401352   10.401388   10.403237
                   10           50.0   17.259613   1.037750  16.534176  16.541852   16.546729   17.970441   21.335343
                   25           25.0   21.099251   5.061874  19.618381  19.648964   19.655198   21.286454   45.102017
                   50           15.0   20.684439   7.004732  16.813744  19.130322   19.141230   19.147645   45.904553
                   100           5.0   22.990799  11.279297  16.800423  16.811683   19.141001   19.141465   43.059423
Longest_Balanced   5           100.0   10.211037   0.006492  10.186919  10.209572   10.211411   10.213159   10.233343
                   10           50.0   20.875503   0.012817  20.832599  20.871099   20.879496   20.882972   20.899861
                   25           25.0   49.123402   0.029897  49.088841  49.103201   49.114135   49.142398   49.193458
                   50           15.0   55.698332  12.249173  49.493837  51.480006   53.170060   54.057923   99.409677
                   100           5.0   54.751198  17.063690  43.865577  46.387774   48.035736   50.498906   84.967998
Longest_Carbon     5           100.0   10.072279   0.005828  10.046722  10.069795   10.074897   10.075653   10.080741
                   10           50.0   20.583796   0.007651  20.558532  20.579082   20.585995   20.588796   20.594526
                   25           25.0   48.552777   0.026254  48.512590  48.536859   48.548095   48.558254   48.658981
                   50           15.0   97.954605   0.966981  95.145146  98.353240   98.373254   98.399868   98.467366
                   100           5.0   88.974116  22.417298  68.413562  79.120289   81.851868   88.571083  126.913776
Longest_Free HW    5           100.0   10.222196   0.024200  10.167162  10.206132   10.219930   10.231330   10.284190
                   10           50.0   20.923557   0.035440  20.852581  20.905529   20.921027   20.943504   21.016841
                   25           25.0   36.942164   5.221001  30.722098  32.884656   35.279718   39.354473   49.302097
                   50           15.0   37.392597  17.319712  28.508690  31.594414   33.122886   35.078751   99.454866
                   100           5.0   37.344743  19.742335  27.514754  27.528292   27.544174   31.617901   72.518595
Longest_Profit     5           100.0   10.400506   0.001919  10.390814  10.399584   10.401429   10.401451   10.402359
                   10           50.0   18.263122   0.724878  17.938652  17.962426   17.970409   17.975374   21.329475
                   25           25.0   16.368583   6.376012  13.053439  15.383300   15.386838   15.391976   46.747726
                   50           15.0   16.431469   6.172824  13.062668  15.141671   15.146456   15.149588   38.588697
                   100           5.0   18.201394   9.223866  13.057710  13.058188   15.147644   15.148106   34.595320
MILP               5           100.0   10.401740   0.001106  10.396160  10.401559   10.402134   10.402360   10.403356
                   10           50.0   21.296867   0.008947  21.271304  21.293082   21.298194   21.299684   21.338177
                   25           25.0   49.463637   0.127444  49.407857  49.436256   49.442455   49.445264   50.073349