                               count         mean          std        min         25%          50%          75%          max
type               numIntents                                                                                               
Hungriest_Balanced 5           149.0     0.028945     0.001251   0.028001    0.028390     0.028575     0.028809     0.035527
                   10           99.0     0.054658     0.039416   0.031580    0.033974     0.036311     0.062752     0.281498
                   25           49.0     0.098618     0.089949   0.050856    0.055606     0.062257     0.080749     0.415249
                   50           49.0     0.271060     0.228558   0.096467    0.132439     0.170078     0.356933     1.009238
                   100          49.0     1.044240     0.941839   0.301450    0.324126     0.497986     1.579629     4.177554
Hungriest_Carbon   5           149.0     0.028557     0.000845   0.027990    0.028207     0.028350     0.028576     0.033789
                   10           99.0     0.057682     0.014832   0.032814    0.042651     0.058109     0.070187     0.087889
                   25           49.0     0.139601     0.059616   0.055545    0.079329     0.140252     0.183927     0.281320
                   50           49.0     0.362765     0.172332   0.096021    0.242258     0.346622     0.461793     1.177497
                   100          49.0     1.499341     0.630068   0.307609    0.940319     1.642020     1.958084     3.449704
Hungriest_Free HW  5           149.0     0.028462     0.001005   0.027804    0.028084     0.028228     0.028460     0.035875
                   10           99.0     0.056590     0.029845   0.031750    0.035928     0.052426     0.062101     0.201083
                   25           49.0     0.139370     0.114399   0.050180    0.064898     0.119371     0.151326     0.587200
                   50           49.0     0.205551     0.165240   0.096844    0.127376     0.155977     0.237137     1.210293
                   100          49.0     0.803397     0.870602   0.298892    0.340943     0.500888     0.891279     4.926254
Hungriest_Profit   5           149.0     0.029577     0.000800   0.028343    0.029105     0.029543     0.029948     0.035146
                   10           99.0     0.035736     0.004506   0.031773    0.033635     0.035298     0.035599     0.064958
                   25           49.0     0.062797     0.014023   0.050331    0.054232     0.058260     0.064046     0.114410
                   50           49.0     0.136482     0.044650   0.096758    0.116308     0.124680     0.126086     0.304656
                   100          49.0     0.491118     0.616569   0.297267    0.300173     0.392315     0.395409     4.629739
Longest_Balanced   5           149.0     0.028569     0.000915   0.027803    0.028107     0.028301     0.028565     0.034245
                   10           99.0     0.037215     0.004723   0.032608    0.034208     0.035790     0.037908     0.056855
                   25           49.0     0.082413     0.036052   0.052007    0.060626     0.069891     0.080541     0.192704
                   50           49.0     0.235733     0.222988   0.098988    0.117384     0.156201     0.200554     0.932772
                   100          49.0     0.774705     0.859505   0.307482    0.412732     0.496001     0.604624     4.663800
Longest_Carbon     5           149.0     0.028511     0.000676   0.027937    0.028193     0.028333     0.028530     0.032772
                   10           99.0     0.035555     0.002191   0.032854    0.034302     0.035071     0.036108     0.050639
                   25           49.0     0.075721     0.016781   0.055194    0.066568     0.071703     0.075291     0.138825
                   50           49.0     0.200282     0.076372   0.098719    0.157842     0.178221     0.216595     0.488892
                   100          49.0     0.682232     0.382077   0.312512    0.515249     0.554127     0.672470     2.735404
Longest_Free HW    5           149.0     0.028554     0.001276   0.027824    0.028052     0.028245     0.028405     0.037397
                   10           99.0     0.038677     0.005140   0.032759    0.034851     0.036822     0.042119     0.057982
                   25           49.0     0.088510     0.031412   0.052016    0.063747     0.079244     0.118583     0.188164
                   50           49.0     0.261149     0.163526   0.098465    0.141804     0.194212     0.354389     0.924066
                   100          49.0     0.785350     0.516251   0.307870    0.336140     0.602776     1.166641     2.371003
Longest_Profit     5           149.0     0.029151     0.001414   0.028148    0.028395     0.028730     0.029161     0.036812
                   10           99.0     0.034039     0.003800   0.031020    0.031338     0.031835     0.036243     0.045834
                   25           49.0     0.058576     0.028013   0.047950    0.048439     0.048912     0.056376     0.221319
                   50           49.0     0.114919     0.026719   0.098733    0.101578     0.102094     0.119932     0.223012
                   100          49.0     0.345621     0.154053   0.300383    0.303408     0.304305     0.324196     1.308135
MILP               5           149.0     0.985988     0.621943   0.196672    0.602407     0.805953     1.187496     3.061674
                   10           99.0    15.831564    16.030606   0.845533    5.555312     8.657328    20.382769    71.852482
                   25           49.0    55.413941    43.025472   3.459404   24.887425    47.655886    79.761772   238.969827
                   50           49.0   252.190619   236.746453   0.835726  110.828596   172.040710   316.050923  1246.100735
                   100          49.0  1539.145173  1173.760901  14.625464  598.215034  1120.383032  2434.524669  5213.968745