                               count      mean       std       min       25%       50%       75%       max
type               numIntents                                                                             
Hungriest_Balanced 5           100.0  0.218007  0.015699  0.193258  0.209705  0.213012  0.224874  0.305038
                   10           50.0  0.510278  0.032283  0.422460  0.505223  0.512807  0.519224  0.593430
                   25           25.0  1.092785  0.118534  0.967768  1.024606  1.043026  1.125076  1.408569
Hungriest_Carbon   5           100.0  0.036641  0.002684  0.032479  0.035202  0.035238  0.037830  0.046352
                   10           50.0  0.104415  0.010543  0.090168  0.096808  0.101090  0.109983  0.137869
                   25           25.0  0.396185  0.041444  0.355394  0.365293  0.383010  0.419878  0.518483
Hungriest_Free HW  5           100.0  0.419311  0.061323  0.296442  0.376104  0.407853  0.451079  0.577350
                   10           50.0  0.967968  0.084465  0.738984  0.906689  0.979844  1.021287  1.173319
                   25           25.0  1.833813  0.065689  1.818043  1.819834  1.820822  1.821771  2.149076
Hungriest_Profit   5           100.0  0.925802  0.016150  0.891259  0.919907  0.920738  0.926078  0.982289
                   10           50.0  1.826700  0.037404  1.819156  1.820989  1.821657  1.821872  2.085862
                   25           25.0  1.916002  0.473593  1.818884  1.821073  1.821493  1.821759  4.189244
Longest_Balanced   5           100.0  0.217707  0.014560  0.188673  0.210993  0.213607  0.224154  0.289022
                   10           50.0  0.484653  0.028255  0.420411  0.475549  0.485363  0.492472  0.573779
                   25           25.0  1.148190  0.094060  1.024475  1.085092  1.117097  1.180050  1.353089
Longest_Carbon     5           100.0  0.036055  0.003670  0.032140  0.033504  0.033877  0.038603  0.050909
                   10           50.0  0.108078  0.008638  0.094238  0.102348  0.105654  0.112717  0.138854
                   25           25.0  0.421368  0.044780  0.365774  0.392470  0.406315  0.445412  0.563454
Longest_Free HW    5           100.0  0.414107  0.055337  0.308442  0.374305  0.408414  0.449825  0.604841
                   10           50.0  0.959458  0.085178  0.799263  0.908699  0.944259  0.998959  1.173435
                   25           25.0  1.836733  0.080952  1.818545  1.819806  1.820747  1.821506  2.225264
Longest_Profit     5           100.0  0.926606  0.015761  0.893272  0.919335  0.922751  0.927377  0.985879
                   10           50.0  1.826064  0.033972  1.818243  1.820945  1.821506  1.821855  2.061414
                   25           25.0  1.915921  0.473862  1.819049  1.820660  1.821395  1.821604  4.190455
MILP               5           100.0  0.956391  0.020766  0.896703  0.949018  0.957744  0.965458  1.007489
                   10           50.0  1.826900  0.039795  1.820163  1.820817  1.821367  1.821772  2.102645
                   25           25.0  1.916254  0.473536  1.820670  1.821305  1.821722  1.821891  4.189224