                               count      mean       std       min       25%       50%       75%       max
type               numIntents                                                                             
MILP               5            25.0  0.492145  0.019830  0.448323  0.484598  0.495915  0.502435  0.523376
                   10           25.0  0.725443  0.000682  0.723744  0.725371  0.725765  0.725864  0.725992
                   25           25.0  0.725741  0.000213  0.725149  0.725594  0.725794  0.725900  0.725993
                   50           25.0  0.725745  0.000282  0.724960  0.725669  0.725826  0.725928  0.725992
                   100          25.0  0.725642  0.000354  0.724703  0.725478  0.725784  0.725883  0.725990
hungriest_balanced 5            25.0  0.333915  0.049805  0.172987  0.333994  0.351244  0.360994  0.370313
                   10           25.0  0.706235  0.028156  0.643069  0.698898  0.721444  0.725550  0.725931
                   25           25.0  0.722956  0.002870  0.715500  0.721907  0.723788  0.725070  0.725941
                   50           25.0  0.724370  0.001886  0.717671  0.723803  0.724982  0.725720  0.725920
                   100          25.0  0.723277  0.005763  0.697600  0.724123  0.724798  0.725658  0.725881
hungriest_carbon   5            25.0  0.128153  0.011108  0.116966  0.122802  0.123346  0.130162  0.162328
                   10           25.0  0.412044  0.046773  0.372582  0.382960  0.401181  0.420246  0.571367
                   25           25.0  0.712982  0.011216  0.684880  0.707022  0.716462  0.722208  0.725255
                   50           25.0  0.714812  0.010780  0.671506  0.712454  0.718398  0.720613  0.723981
                   100          25.0  0.714471  0.004995  0.703717  0.711548  0.713590  0.716482  0.723447
hungriest_freeHW   5            25.0  0.339182  0.039708  0.267807  0.312894  0.327265  0.361999  0.444887
                   10           25.0  0.721263  0.004852  0.702910  0.721164  0.722684  0.724201  0.725601
                   25           25.0  0.721633  0.005390  0.705355  0.721286  0.723567  0.724971  0.725910
                   50           25.0  0.721389  0.006628  0.693217  0.720712  0.723799  0.724887  0.725742
                   100          25.0  0.722807  0.002570  0.717527  0.720832  0.722900  0.725105  0.725931
hungriest_profit   5            25.0  0.502244  0.017560  0.468766  0.490545  0.498975  0.512238  0.540202
                   10           25.0  0.724984  0.000909  0.723054  0.724404  0.725399  0.725706  0.725957
                   25           25.0  0.723985  0.002017  0.718356  0.722999  0.725031  0.725557  0.725905
                   50           25.0  0.724400  0.001813  0.719012  0.724423  0.725020  0.725468  0.725943
                   100          25.0  0.724517  0.001156  0.722236  0.723816  0.724562  0.725426  0.725977
longest_balanced   5            25.0  0.332732  0.051877  0.171458  0.336861  0.346133  0.360703  0.382911
                   10           25.0  0.704891  0.031477  0.593438  0.706109  0.716645  0.722328  0.725671
                   25           25.0  0.722610  0.004148  0.707677  0.719940  0.724504  0.725242  0.725988
                   50           25.0  0.723722  0.002520  0.715447  0.722450  0.724791  0.725587  0.725994
                   100          25.0  0.724425  0.001556  0.721280  0.723426  0.724868  0.725658  0.725973
longest_carbon     5            25.0  0.126212  0.010963  0.115981  0.116872  0.124946  0.131720  0.152702
                   10           25.0  0.446986  0.044061  0.409203  0.415760  0.426593  0.461452  0.585493
                   25           25.0  0.713212  0.010990  0.676952  0.708672  0.716286  0.720070  0.725959
                   50           25.0  0.713636  0.007285  0.695915  0.709592  0.713970  0.718874  0.723400
                   100          25.0  0.718695  0.007843  0.689876  0.717171  0.720611  0.723371  0.724818
longest_freeHW     5            25.0  0.331847  0.038667  0.262190  0.306215  0.322621  0.371036  0.396835
                   10           25.0  0.721259  0.006211  0.703627  0.721569  0.724042  0.724676  0.725751
                   25           25.0  0.722871  0.002598  0.718204  0.721372  0.723262  0.725411  0.725982
                   50           25.0  0.723054  0.002287  0.717052  0.721790  0.723273  0.725194  0.725915
                   100          25.0  0.723999  0.001450  0.720858  0.723376  0.724412  0.725241  0.725870
longest_profit     5            25.0  0.496021  0.018070  0.457974  0.488575  0.495493  0.503568  0.531651
                   10           25.0  0.724691  0.002093  0.718454  0.724378  0.725551  0.725898  0.725992
                   25           25.0  0.724756  0.001437  0.719214  0.724702  0.725043  0.725515  0.725937
                   50           25.0  0.725008  0.000817  0.721579  0.725043  0.725043  0.725332  0.725917
                   100          25.0  0.725159  0.000783  0.722427  0.724966  0.725432  0.725661  0.725911