                 count          mean           std         min          25%          50%           75%            max
numIntents size                                                                                                      
5          5     600.0      0.139265      0.033416    0.069853     0.116635     0.133961      0.157794       0.389193
           10    300.0      0.575257      0.599485    0.125848     0.156896     0.258372      0.805574       3.061674
           25    200.0      1.509668      1.105420    0.437819     0.593799     1.045710      2.322125       6.869124
           50    200.0      2.363008      0.571642    1.598938     1.754576     2.453351      2.746570       4.107573
           100   200.0      9.837247      1.309067    7.413977     8.942186     9.664734     10.301333      16.558342
10         5     300.0      0.656324      0.462516    0.095873     0.274774     0.552307      0.907064       2.523888
           10    200.0      8.419471     13.456620    0.336843     0.668761     3.081144      8.473946      71.852482
           25    100.0     18.672578     17.573087    1.582897     3.382549    10.503666     29.347484      81.346512
           50    100.0     40.817081     27.139440    6.831567    15.782570    30.554980     65.927355      96.494306
           100   100.0     77.545882     45.884350   21.955836    36.520175    54.512704    118.434563     177.667792
25         5     200.0      2.289250      4.466559    0.151724     1.334626     1.933705      2.517836      62.675490
           10    100.0     49.845825     41.034789    2.352311    19.179213    45.029548     68.593605     238.969827
           25    100.0   2721.239807   6521.955976   39.178128   142.197321   588.076280   3278.923234   60440.879763
           50    100.0   1922.831520   2894.104782   20.177040    56.557476   268.121663   2988.724633   17481.104411
           100    50.0   1321.575539   1992.146477  105.422007   227.616179   384.892948    979.367548    7577.034519
50         5     200.0      6.820129     14.890316    0.261230     3.484054     4.934882      6.318116     205.788340
           10    100.0    192.884873    261.579775    0.805574    47.534453   113.213974    247.482165    1842.857565
           25     98.0  15433.383173  41405.305373  148.219802  1140.958340  3451.864585  13029.709349  297709.615054
           50     10.0   3605.617390   6855.006453  207.223759   995.996515  1097.199556   1522.540392   22731.931162
100        5     300.0     12.739111      9.641294    0.512906     7.538648    10.696773     15.393658      99.957705
           10    100.0   1037.268175   1071.197351   11.196350   285.018391   608.222756   1481.422902    5213.968745
           25     20.0   9660.662585  11093.840583  922.482566  2406.857285  5759.047318  12000.864342   46491.112675