                               count       mean       std        min        25%        50%        75%        max
type               numIntents                                                                                   
Hungriest_Balanced 5           100.0  10.304990  0.026392  10.171565  10.297429  10.316050  10.319482  10.328634
                   10           50.0  20.926646  0.328400  19.319185  20.979569  21.000426  21.008111  21.040875
                   25           50.0  37.971224  2.403628  29.761264  37.639595  39.261613  39.300371  40.953881
                   50           50.0  42.751659  5.453246  24.957514  41.399939  44.479219  46.417976  50.505372
                   100          20.0  41.616034  3.197750  34.326132  40.615724  41.170217  43.629997  46.057187
Hungriest_Carbon   5           100.0  10.071068  0.006927  10.057891  10.067303  10.068486  10.075073  10.094869
                   10           50.0  20.597981  0.229115  19.012375  20.621582  20.629289  20.635283  20.657660
                   25           50.0  38.821120  2.792805  29.126338  39.015942  39.066513  40.735183  42.476479
                   50           50.0  42.889703  5.250002  26.394383  40.608534  44.581865  46.841109  49.743304
                   100          20.0  42.391244  3.564425  35.788927  40.430421  42.687609  44.929015  49.614257
Hungriest_Free HW  5           100.0  10.169814  0.029648  10.107516  10.149750  10.160093  10.190052  10.252476
                   10           50.0  20.700577  0.401264  19.095361  20.784291  20.796751  20.806216  20.871880
                   25           50.0  37.871387  2.866902  28.745351  36.407366  39.171979  39.216945  42.487077
                   50           50.0  41.215532  4.846865  24.872602  39.191934  42.860778  44.292615  48.024863
                   100          20.0  40.960377  3.305981  34.267131  38.872851  41.091245  43.528742  45.997187
Hungriest_Profit   5           100.0  10.328443  0.011252  10.266611  10.327662  10.332939  10.334551  10.341429
                   10           50.0  21.020764  0.245160  19.339146  21.052892  21.068316  21.072443  21.103100
                   25           50.0  38.239207  2.556666  29.780166  37.665713  39.280936  39.314723  42.812538
                   50           50.0  43.051873  5.549270  24.998137  41.443793  44.669760  46.777361  50.824286
                   100          20.0  41.998381  3.262542  34.360764  40.630880  42.593437  43.672167  47.579316
Longest_Balanced   5           100.0  10.308040  0.027290  10.174761  10.302199  10.321142  10.324902  10.329939
                   10           50.0  20.952026  0.236094  19.329854  20.976793  20.983571  21.003259  21.037078
                   25           50.0  37.095286  3.535924  23.820858  36.268108  38.457178  39.266175  40.931812
                   50           50.0  36.501559  4.556473  24.568849  34.032083  38.008737  39.450697  42.730567
                   100          20.0  36.792759  2.513411  32.433470  34.511122  36.737842  38.658364  41.051332
Longest_Carbon     5           100.0  10.068331  0.006986  10.055395  10.066502  10.067652  10.070988  10.094556
                   10           50.0  20.613612  0.012322  20.598310  20.604672  20.610963  20.620285  20.649551
                   25           50.0  37.493658  3.926413  24.976389  35.934345  38.326844  40.725340  42.392675
                   50           50.0  37.768235  4.549131  24.156562  35.596399  40.076667  40.802400  44.807025
                   100          20.0  36.723628  2.421232  32.225463  35.469592  36.504871  38.476146  40.822869
Longest_Free HW    5           100.0  10.166315  0.029634  10.096700  10.145545  10.161184  10.187172  10.266626
                   10           50.0  20.782652  0.234740  19.169384  20.797041  20.810601  20.835001  20.884036
                   25           50.0  36.031171  4.001126  23.575180  34.327798  36.759384  39.197662  41.693090
                   50           50.0  34.899580  4.085697  22.873967  32.301387  36.567858  37.499723  41.664659
                   100          20.0  35.821975  2.228573  32.675419  34.396874  34.804488  38.245814  38.921395
Longest_Profit     5           100.0  10.328092  0.012584  10.267546  10.322090  10.334195  10.334865  10.343355
                   10           50.0  20.985285  0.236307  19.355511  21.013934  21.020946  21.025835  21.062403
                   25           50.0  38.021455  3.692756  23.840075  36.906427  38.555917  40.950959  42.579923
                   50           50.0  37.177861  4.847700  24.582859  35.691987  38.720825  40.386493  42.745435
                   100          20.0  36.825554  2.515907  32.452475  34.531269  36.767922  38.700045  41.051146
MILP               5           100.0  10.339377  0.009860  10.281615  10.335681  10.343416  10.344293  10.344463
                   10           50.0  21.087864  0.034943  20.941795  21.081666  21.101468  21.106460  21.144062
                   25           50.0  42.667284  2.525896  33.026305  41.718580  44.225328  44.264523  45.915282
                   50           50.0  48.897927  5.337505  31.227923  47.573047  50.795247  52.006134  55.446768
                   100          20.0  49.880990  3.198975  42.699401  47.937431  49.746557  53.247236  54.239230