                               count       mean       std       min        25%        50%        75%        max
type               numIntents                                                                                  
Hungriest_Balanced 5           300.0   7.685053  1.267669  3.947054   6.499277   8.578991   8.617649  10.232601
                   10          150.0   9.338758  1.828506  0.000000   8.335747  10.132831  10.798259  12.278702
                   25          100.0   9.753282  1.526114  4.766039   9.160596  10.187355  10.798259  11.789686
                   50          100.0   9.882502  1.520586  4.041163   8.808018  10.312250  11.034328  13.026222
                   100         150.0   9.960140  1.549607  4.536864   9.165785  10.312250  11.034328  12.694332
Hungriest_Carbon   5           300.0   8.382078  1.597393  3.947054   6.996470   8.463688  10.123290  10.198127
                   10          150.0   9.511886  1.994452  0.000000   8.465673  10.100940  10.772159  12.230936
                   25          100.0  10.085963  1.667289  4.761935   9.188868  10.668533  10.772159  13.012610
                   50          100.0  10.027899  1.527230  4.041163   9.325850  10.591008  10.772159  12.464968
                   100         150.0   9.961441  1.669525  4.377912   9.112785  10.591935  10.777488  13.890302
Hungriest_Free HW  5           300.0   7.576433  1.280548  3.950471   6.499277   8.500186   8.563881  10.247699
                   10          150.0   9.389085  1.916138  0.000000   8.528833  10.169877  10.591928  12.264888
                   25          100.0   9.936402  1.660648  4.765333   9.151984  10.591928  10.783244  12.230582
                   50          100.0   9.968780  1.538273  4.044580   9.220402  10.604923  11.027524  11.606706
                   100         150.0  10.108696  1.588410  4.538563   9.389861  10.865808  11.027524  12.687528
Hungriest_Profit   5           300.0   7.639674  1.240356  3.950471   6.499344   8.576915   8.615573  10.203770
                   10          150.0   9.307432  1.787986  0.000000   8.335835  10.132751  10.797770  11.777888
                   25          100.0   9.806122  1.589061  4.765686   9.160306  10.455843  10.798259  13.019272
                   50          100.0   9.810234  1.462269  4.045218   9.079111  10.223803  10.798259  13.026222
                   100         150.0   9.839924  1.500358  4.536864   9.160003  10.245171  10.798259  12.694332
Longest_Balanced   5           300.0   7.275074  1.390879  3.703976   6.174607   6.982750   8.588333  10.248519
                   10          150.0   8.997412  1.935623  0.000000   8.025265   9.664100  10.566005  12.238626
                   25          100.0   8.688703  1.353311  4.310029   8.441148   8.500583   9.421540  10.887090
                   50          100.0   8.610737  1.337164  3.703976   8.398877   8.444812   9.421062  11.731533
                   100         150.0   8.658455  1.253173  4.308343   8.170740   8.441803   9.420496  12.514820
Longest_Carbon     5           300.0   7.206380  0.966559  3.703976   6.162911   7.671055   7.671055  10.151147
                   10          150.0   8.652463  1.813321  0.000000   8.145791   8.889658   9.604893  11.978825
                   25          100.0   9.273586  1.655206  4.305502   8.384744   9.843535  10.020048  12.259775
                   50          100.0   9.116713  1.634500  3.703976   8.382605   9.847182  10.019719  12.252127
                   100         150.0   9.332625  1.461521  4.307352   8.383257   9.847182  10.079734  11.602000
Longest_Free HW    5           300.0   7.283511  1.449724  3.707576   6.173821   6.950853   8.588516  10.248519
                   10          150.0   8.954419  1.965709  0.000000   8.012357   9.663923  10.566005  12.238626
                   25          100.0   8.613901  1.343450  4.309102   8.404778   8.448317   9.420849  10.884983
                   50          100.0   8.649311  1.347328  3.707576   8.398877   8.441308   9.426664  11.731533
                   100         150.0   8.640656  1.308945  4.309102   8.013716   8.441308   9.420454  12.501006
Longest_Profit     5           300.0   7.398653  1.396268  3.708214   6.177903   7.771633   8.589506  10.249510
                   10          150.0   8.948909  1.949137  0.000000   7.430506   9.664595  10.566005  12.238626
                   25          100.0   8.678728  1.371290  4.311943   8.441148   8.500583   9.421700  11.093382
                   50          100.0   8.534016  1.379552  3.708214   8.015213   8.441308   9.421700  11.731533
                   100         150.0   8.570446  1.213649  4.310093   8.035348   8.441308   9.420564  11.079577
MILP               5           300.0   8.919409  1.440103  4.052338   8.094551   8.625854  10.189765  10.255405
                   10          150.0  10.794976  2.012211 -0.000000   9.991999  11.297290  12.237676  13.662596
                   25          100.0  11.744931  1.640272  6.362712  11.807010  12.499155  12.501214  13.662596
                   50          100.0  11.725402  1.640649  4.138553  11.186936  12.500373  12.501214  13.652967
                   100         150.0  11.802532  1.473664  5.313986  11.578681  12.497446  12.501214  13.904814