                               count       mean       std        min        25%        50%        75%        max
type               numIntents                                                                                   
MILP               5            50.0  10.307575  0.233614   8.690245  10.341464  10.343671  10.345244  10.349025
                   10           50.0  20.048104  1.690583  14.728119  19.665559  21.106517  21.128641  21.136153
                   25           50.0  23.092403  2.550232  11.946994  22.007224  23.449467  25.352349  25.365481
                   50           50.0  22.963356  2.710305  15.113329  22.060715  23.733038  24.356696  25.660343
                   100          50.0  23.207564  2.923165  12.901482  23.054595  24.185301  25.192443  25.678338
hungriest_balanced 5            50.0  10.192463  0.396176   8.634533  10.286144  10.289273  10.290645  10.321559
                   10           50.0  18.745764  2.000599  13.505494  17.782530  19.425076  19.664027  21.103846
                   25           50.0  19.152087  2.415828   8.771013  18.086202  19.777594  20.471768  22.124308
                   50           50.0  19.592534  2.750652  11.174871  19.316700  20.017853  21.669358  22.374907
                   100          50.0  19.972126  2.732919  10.462858  19.694135  21.376893  21.665041  23.797456
hungriest_carbon   5            50.0  10.158413  0.395847   8.595856  10.250910  10.251435  10.261203  10.284727
                   10           50.0  18.666889  1.972086  13.363574  17.831988  18.609372  19.647879  21.085703
                   25           50.0  19.767525  3.113324   8.730005  18.111328  19.720731  22.779004  23.441155
                   50           50.0  19.625631  2.710554  12.796978  19.254557  20.312576  21.656183  22.370159
                   100          50.0  19.775441  2.697967  10.424988  18.953125  20.903551  21.657580  21.666986
hungriest_freeHW   5            50.0  10.254045  0.231078   8.654856  10.277285  10.283745  10.296504  10.314392
                   10           50.0  19.052323  2.094386  13.380284  17.826266  19.625445  21.085764  21.092988
                   25           50.0  19.666621  2.853984   8.741888  18.401329  20.379858  22.108495  23.435709
                   50           50.0  20.060924  2.581674  12.819462  19.673724  21.333305  21.658054  23.105425
                   100          50.0  19.864453  2.794891  10.438835  19.047664  21.333346  21.659907  22.051763
hungriest_profit   5            50.0   9.906740  0.805377   7.035272  10.294369  10.337741  10.341130  10.348239
                   10           50.0  17.936555  1.791818  13.407233  16.949902  18.011261  19.453498  21.096388
                   25           50.0  18.486162  2.086869   8.770933  18.174932  19.132893  19.767256  21.797501
                   50           50.0  18.812976  2.511242  11.180252  18.356767  19.743328  20.025837  22.798315
                   100          50.0  18.821410  2.449658   9.539781  18.122844  20.015626  20.025837  21.441508
longest_balanced   5            50.0  10.222657  0.328397   8.626545  10.283176  10.285049  10.292050  10.317796
                   10           50.0  17.959286  2.323634  12.151862  16.381925  18.610741  18.628283  21.093788
                   25           50.0  19.938738  2.975151   9.524217  18.507444  20.897165  22.546279  22.560322
                   50           50.0  19.329608  2.708031  12.392127  17.907626  20.185733  21.408520  22.098204
                   100          50.0  19.828093  2.550071  11.921464  18.845025  20.434006  22.087610  22.097523
longest_carbon     5            50.0  10.142003  0.470930   7.808710  10.248854  10.251856  10.261918  10.289839
                   10           50.0  17.316584  1.912729  12.116277  16.139453  18.591366  18.601868  21.075794
                   25           50.0  19.834760  2.935104   9.489643  18.502751  20.884335  22.544765  22.559522
                   50           50.0  19.177660  2.754773  12.369457  17.311030  19.846526  22.033535  22.323589
                   100          50.0  19.869553  2.544177  11.882135  18.779219  20.439650  22.088224  22.095860
longest_freeHW     5            50.0  10.261117  0.232742   8.650265  10.288067  10.294635  10.300887  10.316362
                   10           50.0  16.997956  1.894190  12.124284  16.141317  17.792093  18.616994  18.632844
                   25           50.0  19.501567  2.836937   8.045562  18.366392  20.115256  21.623086  22.649859
                   50           50.0  19.623148  2.497010  13.966847  18.294188  20.057515  21.393344  22.860744
                   100          50.0  19.828429  2.868946  10.254844  18.297504  21.388412  22.088158  22.101326
longest_profit     5            50.0   9.940919  0.787341   7.035593  10.300385  10.338973  10.341916  10.349025
                   10           50.0  17.379655  2.003184  12.170322  16.186444  18.646636  18.668266  21.129069
                   25           50.0  20.123025  2.890349   9.526910  18.560359  20.926085  22.574361  22.660368
                   50           50.0  19.292190  2.692294  12.406490  18.135998  19.866269  22.096046  22.337059
                   100          50.0  19.878232  2.938542  10.290338  18.644840  20.559318  22.103056  22.340895