                               count       mean       std        min        25%        50%        75%        max
type               numIntents                                                                                   
Hungriest_Balanced 5           100.0  10.210745  0.007245  10.184829  10.207808  10.209995  10.214206  10.239597
                   10           50.0  20.889811  0.015166  20.846076  20.890444  20.892671  20.897704  20.914014
                   25           25.0  49.093973  0.038959  49.051364  49.070463  49.080021  49.118353  49.192472
Hungriest_Carbon   5           100.0  10.071261  0.005660  10.045893  10.069248  10.074014  10.074379  10.080657
                   10           50.0  20.585222  0.008990  20.557276  20.579086  20.587680  20.592079  20.598680
                   25           25.0  48.558285  0.017609  48.530943  48.546368  48.555009  48.567327  48.612104
Hungriest_Free HW  5           100.0  10.228759  0.023188  10.173707  10.214076  10.228742  10.237709  10.289000
                   10           50.0  20.922983  0.037380  20.807363  20.910245  20.928549  20.948364  21.004288
                   25           25.0  49.278307  0.052554  49.180511  49.243140  49.271538  49.325911  49.419702
Hungriest_Profit   5           100.0  10.400569  0.001496  10.394828  10.399780  10.401352  10.401388  10.403237
                   10           50.0  21.328031  0.009379  21.295338  21.325916  21.330046  21.334231  21.340922
                   25           25.0  50.040817  0.032122  49.928437  50.034179  50.049451  50.061092  50.072118
Longest_Balanced   5           100.0  10.211037  0.006492  10.186919  10.209572  10.211411  10.213159  10.233343
                   10           50.0  20.875503  0.012817  20.832599  20.871099  20.879496  20.882972  20.899861
                   25           25.0  49.123402  0.029897  49.088841  49.103201  49.114135  49.142398  49.193458
Longest_Carbon     5           100.0  10.072279  0.005828  10.046722  10.069795  10.074897  10.075653  10.080741
                   10           50.0  20.583796  0.007651  20.558532  20.579082  20.585995  20.588796  20.594526
                   25           25.0  48.552777  0.026254  48.512590  48.536859  48.548095  48.558254  48.658981
Longest_Free HW    5           100.0  10.222196  0.024200  10.167162  10.206132  10.219930  10.231330  10.284190
                   10           50.0  20.923557  0.035440  20.852581  20.905529  20.921027  20.943504  21.016841
                   25           25.0  49.279009  0.053656  49.174814  49.238556  49.287078  49.320155  49.371105
Longest_Profit     5           100.0  10.400506  0.001919  10.390814  10.399584  10.401429  10.401451  10.402359
                   10           50.0  21.323375  0.010072  21.289820  21.319374  21.326819  21.328942  21.339091
                   25           25.0  50.026741  0.042573  49.912547  50.011549  50.043500  50.052443  50.082059
MILP               5           100.0  10.401740  0.001085  10.396160  10.401572  10.402126  10.402360  10.403356
                   10           50.0  21.332253  0.009699  21.296062  21.331355  21.334395  21.337283  21.345498
                   25           25.0  50.074871  0.033356  49.958697  50.078649  50.087017  50.091665  50.103544