                               count        mean        std         min         25%         50%         75%         max
type               numIntents                                                                                          
Hungriest_Balanced 5           100.0   10.193874   0.021722   10.150506   10.185256   10.191463   10.196323   10.269736
                   10           50.0   20.929324   0.027311   20.850809   20.921685   20.939041   20.947606   20.967595
                   25           50.0   48.590720   1.130899   42.595457   47.565200   49.127346   49.148053   49.282635
                   50           10.0   83.909724   4.735824   72.101683   83.205264   84.540987   86.038842   89.458011
                   100           8.0   92.561619  11.628891   68.565644   88.892773   95.190568   99.079319  104.336063
Hungriest_Carbon   5           100.0   10.060866   0.008403   10.032149   10.059394   10.062536   10.063366   10.084277
                   10           50.0   20.564116   0.011975   20.516463   20.562890   20.567334   20.570228   20.590135
                   25           50.0   48.159640   1.174837   41.932594   48.525128   48.535910   48.557802   48.661777
                   50           10.0   82.985407   5.155251   68.866871   83.188023   84.103247   85.242589   87.427528
                   100           8.0   93.588057   9.962753   74.048387   89.872246   96.505372   99.668500  103.396676
Hungriest_Free HW  5           100.0   10.133801   0.029347   10.079395   10.114754   10.122980   10.154678   10.223691
                   10           50.0   20.750771   0.033441   20.694402   20.726582   20.745019   20.773372   20.831704
                   25           50.0   48.797667   0.868561   44.191858   48.988744   49.021683   49.047792   49.123651
                   50           10.0   83.322648   5.692496   68.594019   82.488403   85.231399   86.174149   87.732349
                   100           8.0   91.904337   9.990354   72.347775   87.782134   95.652609   97.419283  101.556133
Hungriest_Profit   5           100.0   10.382283   0.004070   10.363228   10.382519   10.383223   10.383254   10.387366
                   10           50.0   21.267244   0.009060   21.231400   21.263595   21.268295   21.273597   21.282799
                   25           50.0   48.643375   1.143910   44.683473   48.041874   48.104667   49.708183   49.745165
                   50           10.0   83.793316   4.489413   71.398692   84.500582   84.664625   86.158472   86.406240
                   100           8.0   91.219388  10.251082   71.279154   86.416860   93.855449   96.962860  102.130710
Longest_Balanced   5           100.0   10.185237   0.024696   10.148054   10.173443   10.175081   10.186001   10.267259
                   10           50.0   20.919358   0.027121   20.828986   20.905734   20.924994   20.936923   20.970360
                   25           50.0   49.126493   0.320755   47.579348   49.159516   49.188277   49.213681   49.323731
                   50           10.0   83.917189   6.557656   67.266390   82.535552   86.914710   87.695381   89.338328
                   100           8.0   72.595142   8.283583   56.362864   68.501812   75.063146   77.180634   81.240125
Longest_Carbon     5           100.0   10.058649   0.008428   10.029876   10.056818   10.057536   10.063097   10.083029
                   10           50.0   20.560153   0.016943   20.507636   20.551450   20.568213   20.570547   20.588601
                   25           50.0   48.404110   0.562055   45.219924   48.503688   48.516735   48.544500   48.686905
                   50           10.0   85.221970   6.856644   66.293060   86.220568   87.429944   88.562027   88.989714
                   100           8.0   71.599711   8.615139   55.128798   68.369038   72.462930   75.428499   81.919010
Longest_Free HW    5           100.0   10.129117   0.025410   10.082198   10.115216   10.123953   10.140160   10.227659
                   10           50.0   20.748563   0.035128   20.689185   20.725186   20.747458   20.769123   20.837111
                   25           50.0   48.692714   0.744522   45.639574   48.948328   48.998776   49.042554   49.131869
                   50           10.0   79.488769   6.949245   62.460708   76.609743   81.864057   83.863866   86.041823
                   100           8.0   69.544598   7.433201   53.979378   67.453803   71.578783   73.876648   76.588772
Longest_Profit     5           100.0   10.381376   0.005107   10.363065   10.379810   10.383727   10.383839   10.387590
                   10           50.0   21.254281   0.009313   21.230777   21.248454   21.256424   21.260090   21.267880
                   25           50.0   48.428269   1.229823   46.321393   47.964045   48.071903   49.693925   49.735997
                   50           10.0   82.400435   7.059420   65.187084   81.595779   84.801412   86.278514   89.632673
                   100           8.0   73.407662   8.980375   56.675081   68.760822   75.233943   77.974137   83.791530
MILP               5           100.0   10.383983   0.002572   10.373434   10.383753   10.384405   10.384534   10.387663
                   10           50.0   21.277502   0.007850   21.242209   21.273813   21.279194   21.282126   21.289745
                   25           50.0   49.709766   0.241067   48.071905   49.721272   49.754834   49.777007   49.808589
                   50           10.0   92.510691   4.747938   80.770264   91.188743   94.552946   95.772321   96.185540
                   100           3.0  108.151211   4.551506  104.665423  105.576593  106.487764  109.894106  113.300447