                               count       mean        std        min        25%        50%        75%         max
type               numIntents                                                                                     
MILP               5            50.0   1.530818   0.089040   1.373494   1.485184   1.520431   1.561036    1.760544
                   10           50.0  12.832576   3.745150   7.513477   9.219032  12.270233  15.312717   21.675887
                   25           50.0  71.507490  78.271428  22.156272  34.490019  49.218986  67.241236  363.235226
hungriest_balanced 5            50.0   0.036041   0.000289   0.035386   0.035841   0.036059   0.036221    0.036706
                   10           50.0   0.054779   0.000620   0.053303   0.054590   0.054931   0.055163    0.055669
                   25           50.0   0.168815   0.002268   0.164538   0.167359   0.168773   0.170500    0.174429
hungriest_carbon   5            50.0   0.036291   0.000662   0.035715   0.035977   0.036141   0.036376    0.039736
                   10           50.0   0.055758   0.000359   0.055181   0.055492   0.055738   0.056115    0.056546
                   25           50.0   0.170529   0.002765   0.162020   0.169579   0.170938   0.172176    0.176178
hungriest_freeHW   5            50.0   0.035722   0.000198   0.035272   0.035597   0.035728   0.035848    0.036260
                   10           50.0   0.053626   0.000274   0.053011   0.053437   0.053611   0.053781    0.054330
                   25           50.0   0.154007   0.000772   0.152102   0.153477   0.153930   0.154439    0.155619
hungriest_profit   5            50.0   0.035994   0.000277   0.035483   0.035762   0.035981   0.036180    0.036623
                   10           50.0   0.055383   0.000380   0.054457   0.055111   0.055375   0.055636    0.056179
                   25           50.0   0.170161   0.001677   0.165535   0.169099   0.170089   0.170945    0.175873
longest_balanced   5            50.0   0.035706   0.000388   0.035247   0.035484   0.035662   0.035864    0.037862
                   10           50.0   0.054265   0.000839   0.053060   0.053789   0.054278   0.054523    0.059054
                   25           50.0   0.160888   0.002683   0.153923   0.159685   0.161343   0.162799    0.165881
longest_carbon     5            50.0   0.035836   0.000187   0.035498   0.035707   0.035807   0.035921    0.036263
                   10           50.0   0.054822   0.000296   0.054327   0.054620   0.054778   0.054961    0.055598
                   25           50.0   0.164114   0.001431   0.161405   0.163125   0.164152   0.164795    0.167922
longest_freeHW     5            50.0   0.035621   0.000251   0.035172   0.035448   0.035618   0.035762    0.036437
                   10           50.0   0.053098   0.000441   0.052596   0.052844   0.052979   0.053265    0.055275
                   25           50.0   0.149280   0.004356   0.146724   0.148342   0.148591   0.149248    0.179008
longest_profit     5            50.0   0.035888   0.000206   0.035469   0.035790   0.035869   0.035945    0.036817
                   10           50.0   0.054872   0.001161   0.054161   0.054513   0.054725   0.054865    0.062635
                   25           50.0   0.162579   0.001188   0.159888   0.161883   0.162461   0.163374    0.165128