                               count         mean           std         min          25%          50%          75%            max
type               numIntents                                                                                                    
MILP               5            50.0     0.461679      0.072715    0.379844     0.401973     0.454645     0.479646       0.700353
                   10           50.0     4.033525      1.881463    2.118503     2.412372     3.396622     5.385318       9.698958
                   25           50.0   273.931714    229.173050   41.610048   119.930922   243.415692   327.346517    1135.917270
                   50           50.0   757.120478    733.366545  110.246817   350.234467   591.137737   833.606990    3861.757600
                   100          50.0  6584.280569  16391.096549  124.952575  1339.900744  2843.411525  5175.003523  104742.212202
hungriest_balanced 5            50.0     0.031399      0.000640    0.030899     0.031155     0.031281     0.031477       0.035471
                   10           50.0     0.042855      0.000558    0.041847     0.042363     0.042954     0.043266       0.043985
                   25           50.0     0.104424      0.003113    0.091337     0.103155     0.105016     0.106057       0.112470
                   50           50.0     0.250202      0.035432    0.223641     0.234295     0.236710     0.242449       0.357331
                   100          50.0     0.821412      0.213016    0.711972     0.731104     0.738401     0.742389       1.413617
hungriest_carbon   5            50.0     0.031781      0.001176    0.031048     0.031331     0.031469     0.031623       0.038194
                   10           50.0     0.043495      0.000458    0.042844     0.043195     0.043467     0.043629       0.045774
                   25           50.0     0.104823      0.003428    0.090850     0.104070     0.105685     0.106454       0.111342
                   50           50.0     0.302831      0.061505    0.222341     0.244318     0.310247     0.361556       0.409131
                   100          50.0     1.056288      0.344944    0.711173     0.739845     0.759645     1.408637       1.669221
hungriest_freeHW   5            50.0     0.031334      0.000592    0.030854     0.031070     0.031182     0.031337       0.033809
                   10           50.0     0.041773      0.000377    0.041178     0.041514     0.041694     0.042011       0.042938
                   25           50.0     0.094084      0.001938    0.087514     0.093297     0.094699     0.095045       0.097114
                   50           50.0     0.239675      0.027968    0.219618     0.229219     0.233523     0.237893       0.350561
                   100          50.0     0.803477      0.177877    0.720086     0.731038     0.744702     0.763834       1.458874
hungriest_profit   5            50.0     0.031546      0.000789    0.031023     0.031258     0.031400     0.031646       0.036717
                   10           50.0     0.043047      0.001794    0.042053     0.042366     0.042615     0.042988       0.053316
                   25           50.0     0.104065      0.003511    0.087394     0.103662     0.105015     0.105955       0.106925
                   50           50.0     0.247974      0.030299    0.222971     0.237573     0.242416     0.245870       0.401926
                   100          50.0     0.835459      0.240841    0.719964     0.739113     0.745456     0.750657       1.659179
longest_balanced   5            50.0     0.030992      0.000855    0.030341     0.030755     0.030871     0.030999       0.036719
                   10           50.0     0.042434      0.001125    0.041087     0.041778     0.042431     0.042711       0.047242
                   25           50.0     0.095475      0.001930    0.091296     0.094752     0.095359     0.096798       0.099502
                   50           50.0     0.241214      0.004672    0.232989     0.238432     0.240357     0.243684       0.258699
                   100          50.0     0.819187      0.045188    0.761232     0.792983     0.803363     0.830269       0.934646
longest_carbon     5            50.0     0.031249      0.000632    0.030943     0.031048     0.031154     0.031263       0.035519
                   10           50.0     0.042926      0.000267    0.042442     0.042767     0.042877     0.043047       0.043643
                   25           50.0     0.099506      0.002212    0.091938     0.098768     0.099688     0.101025       0.103033
                   50           50.0     0.254674      0.008101    0.236248     0.247694     0.258557     0.260830       0.263610
                   100          50.0     0.814339      0.020230    0.774408     0.802634     0.811497     0.824629       0.864072
longest_freeHW     5            50.0     0.030736      0.000382    0.030287     0.030550     0.030673     0.030818       0.033047
                   10           50.0     0.041230      0.000245    0.040878     0.041042     0.041192     0.041366       0.041999
                   25           50.0     0.091498      0.000935    0.088463     0.090864     0.091538     0.092244       0.093464
                   50           50.0     0.245980      0.003393    0.235341     0.244615     0.246067     0.248527       0.251538
                   100          50.0     0.781802      0.015905    0.751123     0.774088     0.781152     0.787556       0.870866
longest_profit     5            50.0     0.031016      0.000309    0.030701     0.030869     0.030981     0.031077       0.032903
                   10           50.0     0.042768      0.000260    0.042117     0.042594     0.042739     0.042911       0.043510
                   25           50.0     0.097751      0.001649    0.091975     0.096787     0.098247     0.098982       0.100296
                   50           50.0     0.249167      0.005012    0.235534     0.246473     0.249881     0.252685       0.258236
                   100          50.0     0.816356      0.021854    0.773684     0.802617     0.812169     0.827072       0.880890