                               count        mean         std        min        25%         50%         75%         max
type               numIntents                                                                                         
MILP               5            50.0    0.148987    0.036679   0.115676   0.131987    0.136624    0.147508    0.304539
                   10           50.0    2.020066    2.378317   0.369680   1.013346    1.608280    2.475107   17.184623
                   25           50.0   20.560479   18.865262   1.900799   8.628514   13.223078   20.786441   80.708821
                   50           50.0   48.131561   29.556206   5.921035  24.034220   40.114239   65.810992  126.339766
                   100          50.0  177.806039  167.380400  10.361388  78.044598  131.433037  225.876025  942.332029
hungriest_balanced 5            50.0    0.028897    0.000697   0.028402   0.028580    0.028674    0.028909    0.032016
                   10           50.0    0.036725    0.005202   0.032788   0.035156    0.035627    0.036289    0.069558
                   25           50.0    0.081512    0.031748   0.051842   0.063107    0.068263    0.095415    0.210698
                   50           50.0    0.143390    0.063394   0.106789   0.113652    0.135569    0.137494    0.512621
                   100          50.0    0.522182    0.734879   0.295721   0.330275    0.448897    0.452864    5.533877
hungriest_carbon   5            50.0    0.029111    0.001142   0.028516   0.028637    0.028760    0.029020    0.034235
                   10           50.0    0.035923    0.001288   0.033019   0.035397    0.035743    0.036102    0.042547
                   25           50.0    0.068594    0.015468   0.051926   0.060193    0.063354    0.068853    0.117424
                   50           50.0    0.145388    0.057125   0.107042   0.114455    0.135991    0.138129    0.397329
                   100          50.0    0.512728    0.726407   0.297947   0.327921    0.451408    0.453536    5.488484
hungriest_freeHW   5            50.0    0.028799    0.001036   0.028174   0.028402    0.028576    0.028728    0.034471
                   10           50.0    0.036101    0.005925   0.032425   0.034276    0.034764    0.035196    0.066246
                   25           50.0    0.113659    0.111561   0.050455   0.054732    0.055831    0.112919    0.444183
                   50           50.0    0.149805    0.083447   0.106058   0.112680    0.126840    0.130668    0.531235
                   100          50.0    0.488981    0.595549   0.297850   0.329487    0.404550    0.413793    4.325286
hungriest_profit   5            50.0    0.029142    0.001355   0.028364   0.028686    0.028777    0.029013    0.035636
                   10           50.0    0.036593    0.002922   0.033369   0.035362    0.035882    0.036486    0.049778
                   25           50.0    0.073289    0.019643   0.050489   0.058429    0.064604    0.085074    0.122160
                   50           50.0    0.129244    0.034009   0.106827   0.111516    0.123627    0.124733    0.295154
                   100          50.0    0.383251    0.128512   0.294254   0.316106    0.384297    0.386400    1.225528
longest_balanced   5            50.0    0.028434    0.000600   0.027883   0.028119    0.028289    0.028494    0.030868
                   10           50.0    0.035564    0.001701   0.033845   0.034683    0.035129    0.035652    0.043023
                   25           50.0    0.059346    0.003080   0.051824   0.057897    0.058933    0.059903    0.069398
                   50           50.0    0.128508    0.013339   0.111428   0.120602    0.122425    0.137252    0.164391
                   100          50.0    0.359477    0.050999   0.316489   0.335654    0.339533    0.356616    0.642182
longest_carbon     5            50.0    0.028639    0.001276   0.028055   0.028180    0.028302    0.028497    0.034920
                   10           50.0    0.035169    0.000550   0.033394   0.034951    0.035306    0.035518    0.036097
                   25           50.0    0.059993    0.003276   0.051679   0.058271    0.059553    0.060548    0.069144
                   50           50.0    0.128270    0.013094   0.112426   0.121308    0.122700    0.131551    0.165224
                   100          50.0    0.357107    0.051094   0.318164   0.336292    0.340169    0.356819    0.665759
longest_freeHW     5            50.0    0.028097    0.000185   0.027824   0.027963    0.028061    0.028194    0.028704
                   10           50.0    0.034285    0.001766   0.032972   0.033780    0.033954    0.034243    0.045752
                   25           50.0    0.059848    0.018944   0.050101   0.055700    0.056509    0.057002    0.188476
                   50           50.0    0.137082    0.056855   0.110835   0.116055    0.118181    0.133174    0.353609
                   100          50.0    0.498863    0.417458   0.308662   0.327273    0.329637    0.489927    2.460665
longest_profit     5            50.0    0.028445    0.000740   0.027974   0.028255    0.028359    0.028440    0.033488
                   10           50.0    0.035273    0.001248   0.033607   0.034835    0.035315    0.035481    0.042990
                   25           50.0    0.059809    0.003703   0.051820   0.058086    0.059511    0.059900    0.076860
                   50           50.0    0.127707    0.017004   0.112381   0.119409    0.120713    0.126875    0.185780
                   100          50.0    0.360641    0.061225   0.309721   0.333817    0.338105    0.351675    0.562677