                               count        mean        std         min         25%         50%         75%         max
type               numIntents                                                                                          
Hungriest_Balanced 5           100.0    0.048121   0.000341    0.047394    0.047893    0.048111    0.048250    0.049575
                   10           50.0    0.078911   0.000598    0.077988    0.078486    0.078878    0.079189    0.081382
                   25           25.0    0.257883   0.003168    0.249672    0.257239    0.258363    0.259364    0.262099
                   50           15.0    0.909910   0.018235    0.864028    0.908824    0.912154    0.918747    0.939695
                   100          10.0    3.701884   0.175127    3.466156    3.550916    3.750236    3.812512    3.947239
Hungriest_Carbon   5           100.0    0.048255   0.000389    0.047673    0.048021    0.048169    0.048422    0.050390
                   10           50.0    0.079661   0.000783    0.078604    0.079175    0.079593    0.080031    0.083517
                   25           25.0    0.269701   0.001964    0.266450    0.268381    0.269600    0.270714    0.273495
                   50           15.0    0.980998   0.008533    0.962005    0.979076    0.982518    0.983799    0.994501
                   100          10.0    4.098372   0.251679    3.711568    3.951267    4.195239    4.221542    4.422708
Hungriest_Free HW  5           100.0    0.048162   0.000729    0.047471    0.047831    0.048030    0.048312    0.053702
                   10           50.0    0.078222   0.000454    0.077391    0.077897    0.078128    0.078564    0.079063
                   25           25.0    0.249905   0.002144    0.248109    0.248818    0.249294    0.250480    0.258400
                   50           15.0    0.844558   0.005534    0.833016    0.841263    0.842937    0.849380    0.852187
                   100          10.0    3.446437   0.322090    3.271815    3.281943    3.294888    3.330120    4.060190
Hungriest_Profit   5           100.0    0.048268   0.000387    0.047581    0.048040    0.048220    0.048462    0.050523
                   10           50.0    0.079553   0.000489    0.078775    0.079184    0.079513    0.079856    0.081063
                   25           25.0    0.268380   0.002472    0.265533    0.266946    0.267890    0.269407    0.277530
                   50           15.0    0.988252   0.005855    0.978130    0.984522    0.988801    0.993105    0.995089
                   100          10.0    4.134448   0.161706    3.837116    4.133679    4.181536    4.242476    4.289562
Longest_Balanced   5           100.0    0.048094   0.000367    0.047554    0.047869    0.048064    0.048218    0.050554
                   10           50.0    0.077897   0.000404    0.076950    0.077636    0.077860    0.078151    0.078658
                   25           25.0    0.258454   0.002536    0.252075    0.257681    0.258466    0.259189    0.265709
                   50           15.0    0.895685   0.017218    0.852137    0.897284    0.900094    0.903071    0.916970
                   100          10.0    3.495091   0.114432    3.293470    3.435161    3.551093    3.577897    3.610905
Longest_Carbon     5           100.0    0.048343   0.001056    0.047671    0.047995    0.048154    0.048439    0.057355
                   10           50.0    0.078684   0.000512    0.077702    0.078430    0.078587    0.078986    0.080668
                   25           25.0    0.268441   0.001818    0.265192    0.267014    0.268330    0.269552    0.272315
                   50           15.0    0.968428   0.006311    0.957790    0.964408    0.968863    0.971750    0.984972
                   100          10.0    3.810438   0.101946    3.661008    3.763004    3.802677    3.868659    3.954942
Longest_Free HW    5           100.0    0.047958   0.000295    0.047215    0.047802    0.047926    0.048113    0.048970
                   10           50.0    0.077231   0.000579    0.076315    0.076895    0.077169    0.077428    0.079862
                   25           25.0    0.250366   0.001040    0.248253    0.249844    0.250336    0.250935    0.252144
                   50           15.0    0.839818   0.006133    0.831819    0.834848    0.838306    0.844193    0.849522
                   100          10.0    3.216248   0.024487    3.175398    3.207198    3.218967    3.230031    3.254278
Longest_Profit     5           100.0    0.048201   0.000336    0.047349    0.047983    0.048159    0.048418    0.049388
                   10           50.0    0.078895   0.000453    0.077973    0.078472    0.079000    0.079207    0.079688
                   25           25.0    0.267716   0.001725    0.264893    0.266336    0.267992    0.268332    0.271685
                   50           15.0    0.967101   0.010164    0.952432    0.958809    0.968941    0.971750    0.986270
                   100          10.0    3.799649   0.094050    3.632380    3.772239    3.843714    3.866193    3.886427
MILP               5           100.0    9.805075   1.272338    8.113500    8.865638    9.666832   10.293987   16.558342
                   10           50.0   37.039753   6.474570   21.955836   33.012148   36.871901   40.155966   56.317501
                   25           25.0  239.340272  89.084834  105.422007  200.800395  226.917365  270.031949  554.036130