                               count       mean        std       min       25%        50%        75%         max
type               numIntents                                                                                   
Hungriest_Balanced 5           300.0   0.028200   0.001662  0.026508  0.027383   0.027598   0.027914    0.039732
                   10          150.0   0.032615   0.003239  0.023855  0.030762   0.031390   0.034473    0.044994
                   25          100.0   0.048958   0.010400  0.037617  0.044103   0.044865   0.052406    0.107426
                   50          100.0   0.088041   0.028961  0.063212  0.067757   0.068580   0.107728    0.170540
                   100         150.0   0.265003   0.131380  0.164058  0.170557   0.177035   0.342501    0.790857
Hungriest_Carbon   5           300.0   0.028216   0.001348  0.026357  0.027568   0.027768   0.028002    0.036374
                   10          150.0   0.032392   0.002692  0.023265  0.030852   0.031505   0.033550    0.044741
                   25          100.0   0.048412   0.008622  0.037718  0.042940   0.044242   0.053624    0.074961
                   50          100.0   0.096643   0.020395  0.063973  0.086468   0.092868   0.109615    0.162669
                   100         150.0   0.293290   0.101996  0.165232  0.225113   0.242829   0.380464    0.562530
Hungriest_Free HW  5           300.0   0.028410   0.001658  0.026247  0.027449   0.027665   0.028707    0.036595
                   10          150.0   0.032865   0.003203  0.023687  0.031015   0.031739   0.035120    0.045319
                   25          100.0   0.050542   0.011561  0.037590  0.044118   0.045331   0.055332    0.093016
                   50          100.0   0.092589   0.034526  0.063441  0.067636   0.070660   0.117463    0.234378
                   100         150.0   0.298520   0.173258  0.164125  0.170277   0.177887   0.451297    0.943498
Hungriest_Profit   5           300.0   0.028668   0.002112  0.026451  0.027523   0.027756   0.029036    0.041779
                   10          150.0   0.032933   0.003300  0.024017  0.031046   0.031581   0.035002    0.044095
                   25          100.0   0.049325   0.010067  0.037512  0.044513   0.044998   0.056122    0.093010
                   50          100.0   0.094984   0.024960  0.062954  0.069061   0.093278   0.112266    0.171721
                   100         150.0   0.280939   0.116271  0.164258  0.181495   0.252063   0.342420    0.792298
Longest_Balanced   5           300.0   0.027788   0.001246  0.026660  0.027272   0.027422   0.027647    0.035266
                   10          150.0   0.030720   0.001524  0.023498  0.030259   0.030583   0.030967    0.041242
                   25          100.0   0.042453   0.001912  0.037596  0.041570   0.042700   0.043560    0.049116
                   50          100.0   0.077349   0.008502  0.063436  0.072062   0.075490   0.082841    0.132860
                   100         150.0   0.210679   0.026317  0.170629  0.190227   0.202358   0.231206    0.327992
Longest_Carbon     5           300.0   0.027745   0.001034  0.026887  0.027337   0.027514   0.027730    0.037982
                   10          150.0   0.031260   0.001467  0.023446  0.030767   0.031157   0.031516    0.038270
                   25          100.0   0.044428   0.004561  0.037988  0.042646   0.043845   0.045074    0.062818
                   50          100.0   0.082362   0.012774  0.064028  0.074317   0.079248   0.086378    0.136155
                   100         150.0   0.232493   0.066941  0.171008  0.194309   0.213413   0.239940    0.513551
Longest_Free HW    5           300.0   0.027719   0.001324  0.026698  0.027249   0.027402   0.027603    0.038416
                   10          150.0   0.030929   0.001707  0.023394  0.030148   0.030511   0.031164    0.037905
                   25          100.0   0.043598   0.005720  0.037642  0.041787   0.042693   0.043760    0.076486
                   50          100.0   0.078511   0.011054  0.064105  0.072075   0.075313   0.083308    0.137629
                   100         150.0   0.217537   0.051372  0.171116  0.190203   0.202748   0.227838    0.530717
Longest_Profit     5           300.0   0.027787   0.001075  0.026913  0.027346   0.027518   0.027714    0.033760
                   10          150.0   0.030825   0.001458  0.023318  0.030284   0.030567   0.030991    0.037666
                   25          100.0   0.042881   0.002876  0.037968  0.041866   0.042776   0.043626    0.063845
                   50          100.0   0.077478   0.008197  0.066056  0.071956   0.075657   0.082229    0.132353
                   100         150.0   0.207660   0.022825  0.171011  0.190682   0.199258   0.223457    0.285775
MILP               5           300.0   0.123993   0.022126  0.073409  0.108729   0.120756   0.134703    0.243117
                   10          150.0   0.638374   0.493199  0.095873  0.250565   0.446742   0.932411    2.523888
                   25          100.0   2.619670   6.254464  0.302293  1.219741   1.841541   2.488842   62.675490
                   50          100.0   9.521048  20.683559  0.378500  4.366901   6.090041   9.679982  205.788340
                   100         150.0  16.471700  12.084020  0.852218  8.661268  14.956054  20.353594   99.957705